# Resource monitor: async_slam_toolbox_node (algorithm=slam_toolbox)
# timestamp_s  cpu_pct  ram_mb
1.0  8.00  32.1
2.0  7.00  32.1
3.0  6.00  32.2
4.0  8.00  32.3
5.0  7.00  32.5
6.0  7.00  32.5
7.0  8.00  32.5
8.0  9.00  32.6
9.0  8.00  32.7
10.0  7.00  32.7
11.0  9.00  32.7
12.0  8.00  32.8
13.0  10.00  34.0
14.0  8.00  34.0
15.0  9.00  34.5
16.0  8.00  34.5
17.0  8.00  34.5
18.0  10.00  34.6
19.0  8.00  34.6
20.0  9.00  34.6
21.0  8.00  34.6
22.0  9.00  34.7
23.0  9.00  34.7
24.0  9.00  34.8
25.0  8.00  34.9
26.0  10.00  34.9
27.0  7.00  34.9
28.0  9.00  34.9
29.0  9.00  34.9
30.0  8.00  34.9
31.0  10.00  35.0
32.0  7.00  35.0
33.0  9.00  35.0
34.0  8.00  35.0
35.0  9.00  35.0
36.0  9.00  35.0
37.0  9.00  35.0
38.0  8.00  35.0
39.0  10.00  35.0
40.0  8.00  35.1
41.0  9.00  35.1
42.0  9.00  35.1
43.0  7.00  35.1
44.0  11.00  35.1
45.0  7.00  35.1
46.0  10.00  35.1
47.0  8.00  35.1
48.0  9.00  35.2
49.0  8.00  35.2
50.0  10.00  35.3
51.0  8.00  35.3
52.0  8.00  35.3
53.0  10.00  35.3
54.0  7.00  35.3
55.0  10.00  35.3
56.0  8.00  35.3
57.0  10.00  35.3
58.0  8.00  35.3
59.0  9.00  35.4
60.0  9.00  35.4
61.0  9.00  35.4
62.0  8.00  35.4
63.0  8.00  35.4
64.0  10.00  35.5
65.0  8.00  35.5
66.0  9.00  35.5
67.0  9.00  35.5
68.0  8.00  35.5
69.0  8.00  35.5
70.0  9.00  35.7
71.0  8.00  35.7
72.0  10.00  35.7
73.0  8.00  35.7
74.0  7.00  35.7
75.0  8.00  35.7
76.0  11.00  35.7
77.0  8.00  35.7
78.0  9.00  35.7
79.0  8.00  35.7
80.0  10.00  35.8
81.0  8.00  35.8
82.0  9.00  35.8
83.0  8.00  35.8
84.0  8.00  35.8
85.0  8.00  35.8
86.0  11.00  35.8
87.0  7.00  35.8
88.0  10.00  35.9
89.0  7.00  35.9
90.0  9.00  35.9
91.0  8.00  35.9
92.0  10.00  35.9
93.0  7.00  35.9
94.0  10.00  35.9
95.0  9.00  35.9
96.0  7.00  35.9
97.0  10.00  36.0
98.0  9.00  36.0
99.0  8.00  36.0
100.0  10.00  36.0
101.0  7.00  36.0
102.0  9.00  36.0
103.0  9.00  36.0
104.0  8.00  36.0
105.0  9.00  36.0
106.0  9.00  36.0
107.0  8.00  36.0
108.0  8.00  36.0
109.0  9.00  36.1
110.0  8.00  36.1
111.0  10.00  36.1
112.0  8.00  36.1
113.0  9.00  36.1
114.0  9.00  36.1
115.0  8.00  36.1
116.0  10.00  36.1
117.0  8.00  36.1
118.0  9.00  36.2
119.0  8.00  36.2
120.0  11.00  36.2
121.0  7.00  36.2
122.0  10.00  36.2
123.0  8.00  36.2
124.0  9.00  36.2
125.0  9.00  36.2
126.0  9.00  36.2
127.0  9.00  36.3
128.0  8.00  36.3
129.0  10.00  36.3
130.0  8.00  36.3
131.0  10.00  36.3
132.0  8.00  36.3
133.0  10.00  36.4
134.0  8.00  36.4
135.0  19.00  38.1
136.0  9.00  38.1
137.0  8.00  38.1
138.0  10.00  38.2
139.0  7.00  38.2
140.0  11.00  38.2
141.0  8.00  38.2
142.0  8.00  38.2
143.0  8.00  38.2
144.0  9.00  38.2
145.0  9.00  38.2
146.0  9.00  38.2
147.0  9.00  38.2
148.0  8.00  38.2
149.0  7.00  38.2
150.0  11.00  38.2
151.0  7.00  38.2
152.0  10.00  38.3
153.0  9.00  38.3
154.0  8.00  38.3
155.0  9.00  38.3
156.0  10.00  38.3
157.0  8.00  38.3
158.0  8.00  38.3
159.0  9.00  38.4
160.0  10.00  38.4
161.0  8.00  38.4
162.0  9.00  38.4
163.0  9.00  38.4
164.0  8.00  38.4
165.0  10.00  38.4
166.0  8.00  38.4
167.0  9.00  38.5
168.0  9.00  38.5
169.0  8.00  38.5
170.0  10.00  38.5
171.0  8.00  38.5
172.0  10.00  38.5
173.0  8.00  38.5
174.0  9.00  38.5
175.0  9.00  38.5
176.0  9.00  38.6
177.0  8.00  38.6
178.0  9.00  38.6
179.0  9.00  38.6
180.0  8.00  38.6
181.0  10.00  38.6
182.0  9.00  38.6
183.0  7.00  38.6
184.0  8.00  38.6
185.0  10.00  38.7
186.0  8.00  38.7
187.0  10.00  38.7
188.0  8.00  38.7
189.0  8.00  38.7
190.0  8.00  38.7
191.0  10.00  38.7
192.1  8.00  38.7
193.1  21.00  42.5
194.1  8.00  42.5
195.1  10.00  42.5
196.1  8.00  42.6
197.1  10.00  42.6
198.1  8.00  42.6
199.1  8.00  42.6
200.1  8.00  42.6
201.1  10.00  42.6
202.1  8.00  42.6
203.1  9.00  42.6
204.1  8.00  42.6
205.1  9.00  42.6
206.1  8.00  42.6
207.1  9.00  42.6
208.1  8.00  42.6
209.1  9.00  42.6
210.1  9.00  42.6
211.1  8.00  42.6
212.1  10.00  42.6
213.1  8.00  42.6
214.1  9.00  42.6
215.1  9.00  42.6
216.1  9.00  42.6
217.1  8.00  42.6
218.1  9.00  42.6
219.1  8.00  42.6
220.1  10.00  42.6
221.1  8.00  42.6
222.1  8.00  42.6
223.1  9.00  42.6
224.1  9.00  42.6
225.1  8.00  42.6
226.1  10.00  42.6
227.1  8.00  42.6
228.1  9.00  42.6
229.1  8.00  42.6
230.1  9.00  42.6
231.1  9.00  42.6
232.1  9.00  42.6
233.1  9.00  42.6
234.1  8.00  42.6
235.1  10.00  42.6
236.1  9.00  42.6
237.1  9.00  42.6
238.1  9.00  42.6
239.1  9.00  42.6
240.1  8.00  42.6
241.1  8.00  42.6
242.1  10.00  42.6
243.1  8.00  42.6
244.1  9.00  42.6
245.1  9.00  42.6
246.1  10.00  42.6
247.1  8.00  42.6
248.1  9.00  42.6
249.1  8.00  42.6
250.1  22.00  43.2
251.1  8.00  43.2
252.1  9.00  43.2
253.1  9.00  43.2
254.1  8.00  43.2
255.1  11.00  43.2
256.1  7.00  43.2
257.1  8.00  43.2
258.1  8.00  43.2
259.1  10.00  43.2
260.1  8.00  43.2
261.1  11.00  43.2
262.1  7.00  43.2
263.1  8.00  43.2
264.1  8.00  43.2
265.1  10.00  43.2
266.1  8.00  43.2
267.1  11.00  43.2
268.1  7.00  43.2
269.1  9.00  43.2
270.1  10.00  43.2
271.1  21.00  43.5
272.1  7.00  43.5
273.1  8.00  43.5
274.1  10.00  43.5
275.1  9.00  43.5
276.1  10.00  43.5
277.1  7.00  43.5
278.1  10.00  43.5
279.1  8.00  43.5
280.1  10.00  43.5
281.1  8.00  43.5
282.1  9.00  43.5
283.1  9.00  43.5
284.1  8.00  43.5
285.1  10.00  43.5
286.1  9.00  43.5
287.1  9.00  43.5
288.1  8.00  43.5
289.1  9.00  43.5
290.1  10.00  43.5
291.1  7.00  43.5
292.1  9.00  43.5
293.1  8.00  43.5
294.1  10.00  43.5
295.1  9.00  43.5
296.1  10.00  43.5
297.1  8.00  43.5
298.1  8.00  43.5
299.1  8.00  43.5
300.1  10.00  43.5
301.1  8.00  43.5
302.1  11.00  43.5
303.1  8.00  43.5
304.1  8.00  43.5
305.1  8.00  43.5
306.1  10.00  43.5
307.1  8.00  43.5
308.1  9.00  43.5
309.1  8.00  43.5
310.1  21.00  43.9
311.1  8.00  43.9
312.1  10.00  43.9
313.1  9.00  43.9
314.1  7.00  43.9
315.1  9.00  43.9
316.1  10.00  43.9
317.1  7.00  43.9
318.1  11.00  43.9
319.1  7.00  43.9
320.1  9.00  43.9
321.1  9.00  43.9
322.1  9.00  43.9
323.1  8.00  43.9
324.1  8.00  43.9
325.1  10.00  43.9
326.1  9.00  43.9
327.1  9.00  43.9
328.1  8.00  43.9
329.1  9.00  43.9
330.1  10.00  43.9
331.1  8.00  43.9
332.1  8.00  43.9
333.1  9.00  43.9
334.1  8.00  43.9
335.1  11.00  43.9
336.1  8.00  44.0
337.1  8.00  44.0
338.1  8.00  44.0
339.1  9.00  44.0
340.1  9.00  44.0
341.1  10.00  44.0
342.1  7.00  44.0
343.1  10.00  44.0
344.1  8.00  44.0
345.1  9.00  44.0
346.1  9.00  44.0
347.1  9.00  44.0
348.1  10.00  44.0
349.1  7.00  44.0
350.1  10.00  44.0
351.1  9.00  44.0
352.1  10.00  44.0
353.1  8.00  44.0
354.1  9.00  44.0
355.1  9.00  44.0
356.1  9.00  44.0
357.1  8.00  44.0
358.1  7.00  44.0
359.1  9.00  44.0
360.1  9.00  44.0
361.1  9.00  44.0
362.1  1.00  0.0

[SUMMARY]
n_samples:    362
cpu_mean_pct: 8.84
cpu_max_pct:  22.00
cpu_min_pct:  1.00
ram_mean_mb:  39.4
ram_max_mb:   44.0
ram_min_mb:   0.0
