# Resource monitor: async_slam_toolbox_node (algorithm=slam_toolbox)
# timestamp_s  cpu_pct  ram_mb
1.0  9.00  32.2
2.0  7.00  32.2
3.0  8.00  32.2
4.0  7.00  32.4
5.0  8.00  32.5
6.0  8.00  32.6
7.0  8.00  32.6
8.0  9.00  32.7
9.0  9.00  32.8
10.0  8.00  32.8
11.0  9.00  32.8
12.0  8.00  32.8
13.0  11.00  34.1
14.0  8.00  34.2
15.0  10.00  34.7
16.0  9.00  34.7
17.0  10.00  34.8
18.0  9.00  34.8
19.0  9.00  34.8
20.0  9.00  34.8
21.0  9.00  34.8
22.0  10.00  34.9
23.0  9.00  34.9
24.0  8.00  34.9
25.0  10.00  34.9
26.0  8.00  34.9
27.0  10.00  34.9
28.0  10.00  35.0
29.0  8.00  35.0
30.0  9.00  35.0
31.0  10.00  35.0
32.0  9.00  35.0
33.0  10.00  35.0
34.0  8.00  35.0
35.0  10.00  35.1
36.0  9.00  35.1
37.0  9.00  35.1
38.0  9.00  35.1
39.0  10.00  35.2
40.0  10.00  35.2
41.0  9.00  35.2
42.0  8.00  35.2
43.0  10.00  35.2
44.0  8.00  35.2
45.0  10.00  35.2
46.0  8.00  35.2
47.0  11.00  35.3
48.0  8.00  35.3
49.0  9.00  35.3
50.0  10.00  35.3
51.0  8.00  35.3
52.0  9.00  35.3
53.0  9.00  35.3
54.0  9.00  35.3
55.0  9.00  35.3
56.0  10.00  35.3
57.0  9.00  35.3
58.0  10.00  35.3
59.0  8.00  35.3
60.0  10.00  35.4
61.0  9.00  35.4
62.0  9.00  35.4
63.0  9.00  35.4
64.0  9.00  35.4
65.0  10.00  35.4
66.0  8.00  35.4
67.0  11.00  35.4
68.0  8.00  35.4
69.0  11.00  35.5
70.0  8.00  35.5
71.0  9.00  35.5
72.0  10.00  35.5
73.0  8.00  35.5
74.0  11.00  35.5
75.0  8.00  35.6
76.0  11.00  35.6
77.0  8.00  35.6
78.0  9.00  35.6
79.0  10.00  35.6
80.0  9.00  35.6
81.0  10.00  35.6
82.0  9.00  35.6
83.0  10.00  35.7
84.0  9.00  35.7
85.0  9.00  35.7
86.0  9.00  35.7
87.0  10.00  35.7
88.0  9.00  35.7
89.0  9.00  35.7
90.0  10.00  35.7
91.0  9.00  35.7
92.0  9.00  35.8
93.0  9.00  35.8
94.0  9.00  35.8
95.0  10.00  35.8
96.0  8.00  35.8
97.0  10.00  35.8
98.0  9.00  35.8
99.0  10.00  35.8
100.0  9.00  35.8
101.0  8.00  35.8
102.0  9.00  35.8
103.0  10.00  35.9
104.0  9.00  35.9
105.0  10.00  35.9
106.0  9.00  35.9
107.0  10.00  35.9
108.0  9.00  35.9
109.0  10.00  35.9
110.0  9.00  35.9
111.0  8.00  35.9
112.0  10.00  35.9
113.0  9.00  36.0
114.0  10.00  36.0
115.0  8.00  36.0
116.0  11.00  36.0
117.0  9.00  36.0
118.0  8.00  36.0
119.0  9.00  36.0
120.0  10.00  36.0
121.0  9.00  36.0
122.0  9.00  36.1
123.0  9.00  36.1
124.0  11.00  36.1
125.0  8.00  36.1
126.0  9.00  36.1
127.0  9.00  36.1
128.0  10.00  36.1
129.0  8.00  36.1
130.0  11.00  36.1
131.0  8.00  36.1
132.0  10.00  36.1
133.0  9.00  36.2
134.0  9.00  36.2
135.0  10.00  36.2
136.0  8.00  36.2
137.0  11.00  36.2
138.0  9.00  36.2
139.0  9.00  36.2
140.0  9.00  36.2
141.0  11.00  36.2
142.0  8.00  36.2
143.0  8.00  36.2
144.0  11.00  36.3
145.0  9.00  36.3
146.0  10.00  36.3
147.0  9.00  36.3
148.0  9.00  36.3
149.0  10.00  36.3
150.0  8.00  36.3
151.0  11.00  36.3
152.0  8.00  36.3
153.0  10.00  36.4
154.0  9.00  36.4
155.0  11.00  36.4
156.0  8.00  36.4
157.0  9.00  36.4
158.0  10.00  36.4
159.0  8.00  36.4
160.0  11.00  36.4
161.0  9.00  36.4
162.0  10.00  36.4
163.0  9.00  36.4
164.0  10.00  36.5
165.0  9.00  36.5
166.0  10.00  36.5
167.0  8.00  36.5
168.0  9.00  36.5
169.0  10.00  36.6
170.0  9.00  36.6
171.0  22.00  38.3
172.0  8.00  38.3
173.0  10.00  38.5
174.0  8.00  38.5
175.0  10.00  38.5
176.0  8.00  38.5
177.0  10.00  38.5
178.0  9.00  38.5
179.0  10.00  38.5
180.0  9.00  38.5
181.0  9.00  38.5
182.0  9.00  38.5
183.0  10.00  38.5
184.0  10.00  38.5
185.0  9.00  38.5
186.0  9.00  38.5
187.0  9.00  38.5
188.0  10.00  38.5
189.0  8.00  38.5
190.0  11.00  38.5
191.1  9.00  38.5
192.1  8.00  38.5
193.1  9.00  38.5
194.1  10.00  38.6
195.1  9.00  38.6
196.1  10.00  38.6
197.1  9.00  38.6
198.1  10.00  38.6
199.1  8.00  38.6
200.1  10.00  38.6
201.1  9.00  38.6
202.1  10.00  38.6
203.1  8.00  38.6
204.1  11.00  38.6
205.1  9.00  38.6
206.1  8.00  38.6
207.1  10.00  38.7
208.1  9.00  38.7
209.1  10.00  38.7
210.1  9.00  38.7
211.1  10.00  38.7
212.1  9.00  38.7
213.1  11.00  38.7
214.1  8.00  38.7
215.1  9.00  38.7
216.1  11.00  38.8
217.1  8.00  38.8
218.1  10.00  38.8
219.1  9.00  38.8
220.1  11.00  38.8
221.1  8.00  38.8
222.1  9.00  38.8
223.1  21.00  42.6
224.1  9.00  42.6
225.1  10.00  42.7
226.1  9.00  42.7
227.1  8.00  42.7
228.1  11.00  42.7
229.1  8.00  42.7
230.1  11.00  42.7
231.1  10.00  42.7
232.1  9.00  42.7
233.1  9.00  42.7
234.1  10.00  42.7
235.1  9.00  42.7
236.1  10.00  42.7
237.1  9.00  42.7
238.1  10.00  42.7
239.1  9.00  42.7
240.1  8.00  42.7
241.1  10.00  42.7
242.1  9.00  42.7
243.1  10.00  42.7
244.1  9.00  42.7
245.1  9.00  42.7
246.1  23.00  42.9
247.1  8.00  42.9
248.1  10.00  42.9
249.1  9.00  42.9
250.1  9.00  42.9
251.1  9.00  42.9
252.1  10.00  42.9
253.1  8.00  42.9
254.1  10.00  42.9
255.1  10.00  42.9
256.1  10.00  42.9
257.1  8.00  42.9
258.1  11.00  42.9
259.1  9.00  42.9
260.1  10.00  43.0
261.1  9.00  43.0
262.1  10.00  43.0
263.1  8.00  43.0
264.1  9.00  43.0
265.1  11.00  43.0
266.1  8.00  43.0
267.1  10.00  43.0
268.1  9.00  43.0
269.1  9.00  43.0
270.1  22.00  43.2
271.1  9.00  43.2
272.1  9.00  43.2
273.1  9.00  43.2
274.1  9.00  43.2
275.1  10.00  43.2
276.1  9.00  43.2
277.1  9.00  43.2
278.1  9.00  43.2
279.1  10.00  43.2
280.1  9.00  43.2
281.1  11.00  43.2
282.1  9.00  43.2
283.1  9.00  43.2
284.1  9.00  43.2
285.1  10.00  43.2
286.1  9.00  43.2
287.1  10.00  43.2
288.1  9.00  43.2
289.1  9.00  43.2
290.1  10.00  43.2
291.1  9.00  43.2
292.1  9.00  43.2
293.1  9.00  43.2
294.1  10.00  43.2
295.1  10.00  43.2
296.1  9.00  43.2
297.1  10.00  43.2
298.1  9.00  43.2
299.1  10.00  43.2
300.1  9.00  43.2
301.1  8.00  43.2
302.1  11.00  43.2
303.1  8.00  43.2
304.1  11.00  43.2
305.1  9.00  43.2
306.1  10.00  43.2
307.1  8.00  43.2
308.1  9.00  43.2
309.1  10.00  43.2
310.1  10.00  43.2
311.1  9.00  43.2
312.1  8.00  43.2
313.1  8.00  0.0
314.1  0.00  0.0

[SUMMARY]
n_samples:    314
cpu_mean_pct: 9.38
cpu_max_pct:  23.00
cpu_min_pct:  0.00
ram_mean_mb:  37.9
ram_max_mb:   43.2
ram_min_mb:   0.0
