# Resource monitor: async_slam_toolbox_node (algorithm=slam_toolbox)
# timestamp_s  cpu_pct  ram_mb
1.0  7.00  32.1
2.0  8.00  32.1
3.0  7.00  32.2
4.0  7.00  32.3
5.0  7.00  32.4
6.0  7.00  32.5
7.0  9.00  32.5
8.0  8.00  32.6
9.0  8.00  32.6
10.0  8.00  32.7
11.0  8.00  32.7
12.0  8.00  32.7
13.0  10.00  34.0
14.0  8.00  34.0
15.0  10.00  34.5
16.0  8.00  34.5
17.0  8.00  34.5
18.0  10.00  34.6
19.0  8.00  34.6
20.0  9.00  34.7
21.0  9.00  34.7
22.0  9.00  34.7
23.0  8.00  34.7
24.0  10.00  34.7
25.0  8.00  34.8
26.0  10.00  34.9
27.0  7.00  34.9
28.0  8.00  34.9
29.0  11.00  34.9
30.0  8.00  34.9
31.0  9.00  34.9
32.0  8.00  34.9
33.0  9.00  34.9
34.0  7.00  34.9
35.0  10.00  34.9
36.0  8.00  34.9
37.0  9.00  35.0
38.0  8.00  35.0
39.0  10.00  35.0
40.0  9.00  35.0
41.0  9.00  35.0
42.0  8.00  35.0
43.0  8.00  35.0
44.0  10.00  35.1
45.0  8.00  35.1
46.0  9.00  35.1
47.0  9.00  35.1
48.0  9.00  35.2
49.0  9.00  35.2
50.0  9.00  35.2
51.0  8.00  35.2
52.0  8.00  35.2
53.0  9.00  35.2
54.0  9.00  35.2
55.0  9.00  35.2
56.0  9.00  35.2
57.0  9.00  35.3
58.0  8.00  35.3
59.0  9.00  35.3
60.0  9.00  35.4
61.0  9.00  35.4
62.0  8.00  35.4
63.0  9.00  35.4
64.0  10.00  35.4
65.0  7.00  35.5
66.0  10.00  35.5
67.0  8.00  35.5
68.0  8.00  35.5
69.0  8.00  35.5
70.0  10.00  35.6
71.0  9.00  35.6
72.0  9.00  35.7
73.0  7.00  35.7
74.0  9.00  35.7
75.0  8.00  35.7
76.0  10.00  35.7
77.0  8.00  35.7
78.0  9.00  35.7
79.0  9.00  35.7
80.0  9.00  35.7
81.0  9.00  35.7
82.0  8.00  35.8
83.0  9.00  35.8
84.0  8.00  35.8
85.0  9.00  35.8
86.0  9.00  35.8
87.0  7.00  35.8
88.0  11.00  35.8
89.0  8.00  35.8
90.0  8.00  35.8
91.0  8.00  35.8
92.0  9.00  35.9
93.0  9.00  35.9
94.0  9.00  35.9
95.0  8.00  35.9
96.0  8.00  35.9
97.0  10.00  35.9
98.0  8.00  35.9
99.0  9.00  35.9
100.0  9.00  35.9
101.0  8.00  35.9
102.0  8.00  35.9
103.0  10.00  36.0
104.0  8.00  36.0
105.0  10.00  36.0
106.0  8.00  36.0
107.0  8.00  36.0
108.0  8.00  36.0
109.0  9.00  36.0
110.0  9.00  36.0
111.0  10.00  36.0
112.0  8.00  36.0
113.0  9.00  36.1
114.0  9.00  36.1
115.0  8.00  36.1
116.0  9.00  36.1
117.0  9.00  36.1
118.0  9.00  36.1
119.0  8.00  36.1
120.0  10.00  36.1
121.0  8.00  36.1
122.0  10.00  36.2
123.0  8.00  36.2
124.0  9.00  36.2
125.0  9.00  36.2
126.0  9.00  36.2
127.0  9.00  36.2
128.0  8.00  36.2
129.0  9.00  36.2
130.0  9.00  36.2
131.0  10.00  36.3
132.0  8.00  36.3
133.0  10.00  36.3
134.0  8.00  36.3
135.0  22.00  38.0
136.0  7.00  38.0
137.0  9.00  38.0
138.0  10.00  38.2
139.0  8.00  38.2
140.0  10.00  38.2
141.0  7.00  38.2
142.0  9.00  38.2
143.0  9.00  38.2
144.0  8.00  38.2
145.0  9.00  38.2
146.0  10.00  38.2
147.0  8.00  38.2
148.0  8.00  38.2
149.0  7.00  38.2
150.0  11.00  38.2
151.0  8.00  38.2
152.0  9.00  38.2
153.0  9.00  38.2
154.0  10.00  38.2
155.0  8.00  38.2
156.0  9.00  38.3
157.0  8.00  38.3
158.0  9.00  38.3
159.0  10.00  38.3
160.0  8.00  38.3
161.0  10.00  38.3
162.0  8.00  38.3
163.0  10.00  38.4
164.0  8.00  38.4
165.0  9.00  38.4
166.0  8.00  38.4
167.0  9.00  38.4
168.0  9.00  38.4
169.0  9.00  38.4
170.0  9.00  38.4
171.0  8.00  38.4
172.0  11.00  38.5
173.0  7.00  38.5
174.0  10.00  38.5
175.0  9.00  38.5
176.0  8.00  38.5
177.0  9.00  38.5
178.0  8.00  38.5
179.0  10.00  38.5
180.0  9.00  38.5
181.0  9.00  38.6
182.0  8.00  38.6
183.0  8.00  38.6
184.0  8.00  38.6
185.0  10.00  38.6
186.0  9.00  38.6
187.0  9.00  38.6
188.0  8.00  38.6
189.0  8.00  38.6
190.0  9.00  38.6
191.0  10.00  38.7
192.0  7.00  38.7
193.1  21.00  42.5
194.1  8.00  42.5
195.1  10.00  42.5
196.1  8.00  42.5
197.1  10.00  42.5
198.1  8.00  42.5
199.1  8.00  42.5
200.1  9.00  42.5
201.1  9.00  42.5
202.1  9.00  42.5
203.1  8.00  42.5
204.1  9.00  42.5
205.1  9.00  42.5
206.1  7.00  42.5
207.1  9.00  42.5
208.1  10.00  42.5
209.1  8.00  42.5
210.1  10.00  42.5
211.1  8.00  42.5
212.1  9.00  42.5
213.1  9.00  42.5
214.1  9.00  42.5
215.1  9.00  42.5
216.1  8.00  42.5
217.1  8.00  42.5
218.1  9.00  42.6
219.1  9.00  42.6
220.1  10.00  42.6
221.1  8.00  42.6
222.1  9.00  42.6
223.1  8.00  42.6
224.1  9.00  42.6
225.1  8.00  42.6
226.1  9.00  42.6
227.1  9.00  42.6
228.1  8.00  42.6
229.1  10.00  42.6
230.1  9.00  42.6
231.1  9.00  42.6
232.1  8.00  42.6
233.1  10.00  42.6
234.1  8.00  42.6
235.1  11.00  42.6
236.1  8.00  42.6
237.1  9.00  42.6
238.1  8.00  42.6
239.1  8.00  42.6
240.1  10.00  42.6
241.1  9.00  42.6
242.1  10.00  42.6
243.1  8.00  42.6
244.1  9.00  42.6
245.1  9.00  42.6
246.1  10.00  42.6
247.1  7.00  42.6
248.1  11.00  42.6
249.1  8.00  42.6
250.1  8.00  42.6
251.1  21.00  43.2
252.1  8.00  43.2
253.1  9.00  43.2
254.1  9.00  43.2
255.1  9.00  43.2
256.1  9.00  43.2
257.1  7.00  43.2
258.1  9.00  43.2
259.1  9.00  43.2
260.1  9.00  43.2
261.1  10.00  43.2
262.1  8.00  43.2
263.1  8.00  43.2
264.1  8.00  43.2
265.1  11.00  43.2
266.1  7.00  43.2
267.1  10.00  43.2
268.1  8.00  43.2
269.1  9.00  43.2
270.1  9.00  43.2
271.1  9.00  43.2
272.1  9.00  43.2
273.1  9.00  43.2
274.1  9.00  43.2
275.1  9.00  43.2
276.1  10.00  43.2
277.1  8.00  43.2
278.1  9.00  43.2
279.1  8.00  43.2
280.1  10.00  43.2
281.1  9.00  43.2
282.1  8.00  43.2
283.1  10.00  43.2
284.1  8.00  43.2
285.1  11.00  43.2
286.1  7.00  43.2
287.1  10.00  43.2
288.1  8.00  43.2
289.1  9.00  43.2
290.1  9.00  43.2
291.1  8.00  43.2
292.1  10.00  43.3
293.1  9.00  43.3
294.1  9.00  43.3
295.1  9.00  43.3
296.1  10.00  43.3
297.1  8.00  43.3
298.1  8.00  43.3
299.1  9.00  43.3
300.1  9.00  43.3
301.1  9.00  43.3
302.1  10.00  43.3
303.1  7.00  43.3
304.1  9.00  43.3
305.1  8.00  43.3
306.1  10.00  43.3
307.1  8.00  43.3
308.1  21.00  43.8
309.1  8.00  43.8
310.1  10.00  43.8
311.1  8.00  43.8
312.1  8.00  43.9
313.1  10.00  43.9
314.1  9.00  43.9
315.1  8.00  43.9
316.1  8.00  43.9
317.1  10.00  43.9
318.1  8.00  43.9
319.1  9.00  43.9
320.1  9.00  43.9
321.1  9.00  43.9
322.1  8.00  43.9
323.1  9.00  43.9
324.1  8.00  43.9
325.1  11.00  43.9
326.1  8.00  43.9
327.1  9.00  43.9
328.1  9.00  43.9
329.1  9.00  43.9
330.1  10.00  43.9
331.1  8.00  43.9
332.1  8.00  43.9
333.1  10.00  43.9
334.1  7.00  43.9
335.1  11.00  43.9
336.1  9.00  43.9
337.1  8.00  43.9
338.1  8.00  43.9
339.1  9.00  43.9
340.1  10.00  43.9
341.1  8.00  43.9
342.1  8.00  43.9
343.1  9.00  43.9
344.1  9.00  43.9
345.1  10.00  43.9
346.1  9.00  43.9
347.1  8.00  43.9
348.1  9.00  43.9
349.1  9.00  43.9
350.1  11.00  43.9
351.1  8.00  43.9
352.1  8.00  43.9
353.1  10.00  43.9
354.1  8.00  43.9
355.1  10.00  43.9
356.1  8.00  43.9
357.1  9.00  43.9
358.1  8.00  43.9
359.1  9.00  43.9
360.1  9.00  43.9
361.1  8.00  43.9
362.1  5.00  0.0

[SUMMARY]
n_samples:    362
cpu_mean_pct: 8.88
cpu_max_pct:  22.00
cpu_min_pct:  5.00
ram_mean_mb:  39.4
ram_max_mb:   43.9
ram_min_mb:   0.0
