# Resource monitor: async_slam_toolbox_node (algorithm=slam_toolbox)
# timestamp_s  cpu_pct  ram_mb
1.0  8.00  32.2
2.0  9.00  32.2
3.0  7.00  32.3
4.0  7.00  32.4
5.0  8.00  32.6
6.0  8.00  32.6
7.0  8.00  32.6
8.0  9.00  32.7
9.0  8.00  32.8
10.0  9.00  32.8
11.0  9.00  32.8
12.0  9.00  32.8
13.0  10.00  34.1
14.0  9.00  34.1
15.0  9.00  34.6
16.0  10.00  34.7
17.0  8.00  34.7
18.0  11.00  34.7
19.0  8.00  34.7
20.0  10.00  34.8
21.0  9.00  34.8
22.0  8.00  34.8
23.0  11.00  34.8
24.0  9.00  34.8
25.0  9.00  34.9
26.0  9.00  34.9
27.0  8.00  34.9
28.0  9.00  34.9
29.0  11.00  34.9
30.0  8.00  34.9
31.0  10.00  34.9
32.0  9.00  34.9
33.0  10.00  34.9
34.0  8.00  34.9
35.0  11.00  35.0
36.0  8.00  35.0
37.0  10.00  35.0
38.0  8.00  35.0
39.0  10.00  35.1
40.0  9.00  35.1
41.0  9.00  35.2
42.0  10.00  35.2
43.0  9.00  35.2
44.0  8.00  35.2
45.0  10.00  35.2
46.0  9.00  35.2
47.0  10.00  35.2
48.0  9.00  35.2
49.0  8.00  35.2
50.0  11.00  35.3
51.0  8.00  35.3
52.0  9.00  35.3
53.0  9.00  35.3
54.0  9.00  35.3
55.0  10.00  35.3
56.0  9.00  35.3
57.0  9.00  35.3
58.0  11.00  35.3
59.0  8.00  35.3
60.0  11.00  35.3
61.0  8.00  35.3
62.0  10.00  35.4
63.0  8.00  35.4
64.0  9.00  35.4
65.0  11.00  35.4
66.0  8.00  35.4
67.0  10.00  35.4
68.0  9.00  35.4
69.0  10.00  35.4
70.0  8.00  35.4
71.0  10.00  35.4
72.0  10.00  35.5
73.0  8.00  35.5
74.0  10.00  35.5
75.0  9.00  35.5
76.0  10.00  35.5
77.0  9.00  35.5
78.0  8.00  35.5
79.0  12.00  35.6
80.0  7.00  35.6
81.0  11.00  35.6
82.0  9.00  35.6
83.0  10.00  35.6
84.0  8.00  35.6
85.0  10.00  35.6
86.0  10.00  35.6
87.0  9.00  35.6
88.0  9.00  35.6
89.0  10.00  35.7
90.0  9.00  35.7
91.0  9.00  35.7
92.0  10.00  35.7
93.0  9.00  35.7
94.0  8.00  35.7
95.0  11.00  35.7
96.0  8.00  35.7
97.0  10.00  35.8
98.0  10.00  35.8
99.0  9.00  35.8
100.0  9.00  35.8
101.0  9.00  35.8
102.0  8.00  35.8
103.0  11.00  35.8
104.0  8.00  35.8
105.0  10.00  35.8
106.0  9.00  35.8
107.0  10.00  35.8
108.0  9.00  35.9
109.0  11.00  35.9
110.0  9.00  35.9
111.0  8.00  35.9
112.0  10.00  35.9
113.0  9.00  35.9
114.0  10.00  35.9
115.0  9.00  35.9
116.0  10.00  35.9
117.0  8.00  35.9
118.0  10.00  35.9
119.0  8.00  35.9
120.0  11.00  36.0
121.0  8.00  36.0
122.0  11.00  36.0
123.0  9.00  36.0
124.0  10.00  36.0
125.0  9.00  36.0
126.0  9.00  36.0
127.0  8.00  36.0
128.0  10.00  36.0
129.0  9.00  36.1
130.0  11.00  36.1
131.0  8.00  36.1
132.0  11.00  36.1
133.0  8.00  36.1
134.0  9.00  36.1
135.0  10.00  36.1
136.0  9.00  36.1
137.0  11.00  36.1
138.0  7.00  36.1
139.0  11.00  36.2
140.0  9.00  36.2
141.0  10.00  36.2
142.0  9.00  36.2
143.0  9.00  36.2
144.0  9.00  36.2
145.0  9.00  36.2
146.0  11.00  36.2
147.0  9.00  36.2
148.0  10.00  36.3
149.0  9.00  36.3
150.0  11.00  36.3
151.0  8.00  36.3
152.0  9.00  36.3
153.0  10.00  36.3
154.0  8.00  36.3
155.0  11.00  36.3
156.0  9.00  36.3
157.0  10.00  36.3
158.0  9.00  36.3
159.0  9.00  36.3
160.0  10.00  36.4
161.0  8.00  36.4
162.0  10.00  36.4
163.0  9.00  36.4
164.0  10.00  36.4
165.0  9.00  36.4
166.0  10.00  36.4
167.0  9.00  36.4
168.0  8.00  36.4
169.0  10.00  36.5
170.0  10.00  36.6
171.0  22.00  38.3
172.0  9.00  38.3
173.0  10.00  38.5
174.0  8.00  38.5
175.0  9.00  38.5
176.0  9.00  38.5
177.0  11.00  38.5
178.0  9.00  38.5
179.0  9.00  38.5
180.0  10.00  38.5
181.0  10.00  38.5
182.0  8.00  38.5
183.0  9.00  38.5
184.0  10.00  38.5
185.0  9.00  38.5
186.0  11.00  38.5
187.0  8.00  38.5
188.0  10.00  38.5
189.0  10.00  38.5
190.0  10.00  38.5
191.0  9.00  38.5
192.0  8.00  38.5
193.1  9.00  38.5
194.1  10.00  38.6
195.1  10.00  38.6
196.1  9.00  38.6
197.1  10.00  38.6
198.1  10.00  38.6
199.1  8.00  38.6
200.1  10.00  38.6
201.1  8.00  38.6
202.1  11.00  38.6
203.1  8.00  38.6
204.1  10.00  38.6
205.1  9.00  38.7
206.1  9.00  38.7
207.1  10.00  38.7
208.1  9.00  38.7
209.1  10.00  38.7
210.1  9.00  38.7
211.1  10.00  38.7
212.1  9.00  38.7
213.1  10.00  38.7
214.1  9.00  38.7
215.1  9.00  38.7
216.1  10.00  38.8
217.1  9.00  38.8
218.1  10.00  38.8
219.1  9.00  38.8
220.1  10.00  38.8
221.1  9.00  38.8
222.1  10.00  38.8
223.1  22.00  42.7
224.1  9.00  42.7
225.1  11.00  42.7
226.1  8.00  42.7
227.1  9.00  42.7
228.1  10.00  42.7
229.1  9.00  42.7
230.1  10.00  42.7
231.1  9.00  42.7
232.1  10.00  42.7
233.1  9.00  42.7
234.1  11.00  42.7
235.1  9.00  42.7
236.1  10.00  42.7
237.1  9.00  42.7
238.1  10.00  42.7
239.1  9.00  42.7
240.1  8.00  42.7
241.1  11.00  42.7
242.1  8.00  42.7
243.1  11.00  42.7
244.1  8.00  42.7
245.1  10.00  42.7
246.1  20.00  42.9
247.1  8.00  42.9
248.1  21.00  42.9
249.1  8.00  42.9
250.1  10.00  42.9
251.1  8.00  42.9
252.1  10.00  43.0
253.1  10.00  43.0
254.1  10.00  43.0
255.1  9.00  43.0
256.1  10.00  43.0
257.1  9.00  43.0
258.1  10.00  43.0
259.1  9.00  43.0
260.1  10.00  43.0
261.1  9.00  43.0
262.1  9.00  43.0
263.1  10.00  43.0
264.1  9.00  43.0
265.1  11.00  43.0
266.1  8.00  43.0
267.1  8.00  43.0
268.1  11.00  43.0
269.1  9.00  43.0
270.1  22.00  43.2
271.1  9.00  43.2
272.1  8.00  43.2
273.1  11.00  43.2
274.1  8.00  43.2
275.1  10.00  43.2
276.1  8.00  43.2
277.1  10.00  43.2
278.1  9.00  43.2
279.1  10.00  43.2
280.1  10.00  43.2
281.1  10.00  43.2
282.1  9.00  43.2
283.1  9.00  43.2
284.1  10.00  43.2
285.1  10.00  43.2
286.1  9.00  43.2
287.1  11.00  43.2
288.1  8.00  43.2
289.1  9.00  43.2
290.1  10.00  43.2
291.1  9.00  43.2
292.1  11.00  43.2
293.1  8.00  43.2
294.1  9.00  43.2
295.1  10.00  43.2
296.1  9.00  43.2
297.1  10.00  43.2
298.1  9.00  43.2
299.1  10.00  43.2
300.1  10.00  43.2
301.1  8.00  43.2
302.1  11.00  43.2
303.1  8.00  43.2
304.1  10.00  43.2
305.1  10.00  43.2
306.1  10.00  43.2
307.1  9.00  43.2
308.1  8.00  43.2
309.1  10.00  43.2
310.1  9.00  43.2
311.1  9.00  43.2
312.1  9.00  43.2
313.1  7.00  0.0
314.1  0.00  0.0

[SUMMARY]
n_samples:    314
cpu_mean_pct: 9.46
cpu_max_pct:  22.00
cpu_min_pct:  0.00
ram_mean_mb:  37.9
ram_max_mb:   43.2
ram_min_mb:   0.0
