# Resource monitor: async_slam_toolbox_node (algorithm=slam_toolbox)
# timestamp_s  cpu_pct  ram_mb
1.0  8.00  32.1
2.0  8.00  32.1
3.0  6.00  32.1
4.0  7.00  32.3
5.0  7.00  32.4
6.0  8.00  32.5
7.0  8.00  32.5
8.0  8.00  32.6
9.0  8.00  32.6
10.0  9.00  32.7
11.0  8.00  32.7
12.0  8.00  32.7
13.0  10.00  33.9
14.0  8.00  34.0
15.0  10.00  34.5
16.0  7.00  34.5
17.0  8.00  34.5
18.0  10.00  34.6
19.0  8.00  34.6
20.0  9.00  34.6
21.0  9.00  34.6
22.0  8.00  34.6
23.0  9.00  34.6
24.0  9.00  34.7
25.0  8.00  34.8
26.0  10.00  34.9
27.0  8.00  34.9
28.0  8.00  34.9
29.0  10.00  34.9
30.0  8.00  34.9
31.0  10.00  34.9
32.0  7.00  34.9
33.0  8.00  34.9
34.0  8.00  34.9
35.0  10.00  35.0
36.0  8.00  35.0
37.0  10.00  35.0
38.0  8.00  35.0
39.0  9.00  35.1
40.0  8.00  35.1
41.0  10.00  35.1
42.0  9.00  35.1
43.0  7.00  35.1
44.0  9.00  35.1
45.0  9.00  35.1
46.0  9.00  35.1
47.0  8.00  35.1
48.0  9.00  35.2
49.0  9.00  35.2
50.0  10.00  35.2
51.0  8.00  35.2
52.0  8.00  35.2
53.0  8.00  35.2
54.0  9.00  35.2
55.0  10.00  35.3
56.0  8.00  35.3
57.0  10.00  35.3
58.0  7.00  35.3
59.0  10.00  35.3
60.0  8.00  35.4
61.0  8.00  35.4
62.0  10.00  35.4
63.0  8.00  35.4
64.0  10.00  35.4
65.0  8.00  35.4
66.0  9.00  35.5
67.0  8.00  35.5
68.0  8.00  35.5
69.0  8.00  35.5
70.0  10.00  35.5
71.0  7.00  35.5
72.0  10.00  35.6
73.0  9.00  35.6
74.0  7.00  35.6
75.0  8.00  35.6
76.0  10.00  35.6
77.0  8.00  35.6
78.0  10.00  35.6
79.0  8.00  35.6
80.0  10.00  35.7
81.0  7.00  35.7
82.0  9.00  35.7
83.0  9.00  35.7
84.0  8.00  35.7
85.0  8.00  35.7
86.0  10.00  35.8
87.0  8.00  35.8
88.0  8.00  35.8
89.0  10.00  35.8
90.0  8.00  35.8
91.0  7.00  35.8
92.0  10.00  35.8
93.0  8.00  35.8
94.0  9.00  35.8
95.0  9.00  35.8
96.0  9.00  35.9
97.0  10.00  35.9
98.0  7.00  35.9
99.0  9.00  35.9
100.0  10.00  35.9
101.0  7.00  35.9
102.0  8.00  35.9
103.0  10.00  35.9
104.0  8.00  35.9
105.0  10.00  35.9
106.0  8.00  36.0
107.0  8.00  36.0
108.0  8.00  36.0
109.0  10.00  36.0
110.0  8.00  36.0
111.0  9.00  36.0
112.0  9.00  36.0
113.0  7.00  36.0
114.0  10.00  36.0
115.0  8.00  36.0
116.0  10.00  36.1
117.0  8.00  36.1
118.0  9.00  36.1
119.0  8.00  36.1
120.0  10.00  36.1
121.0  9.00  36.1
122.0  9.00  36.1
123.0  8.00  36.1
124.0  10.00  36.2
125.0  7.00  36.2
126.0  9.00  36.2
127.0  10.00  36.2
128.0  8.00  36.2
129.0  9.00  36.2
130.0  8.00  36.2
131.0  10.00  36.2
132.0  8.00  36.2
133.0  9.00  36.3
134.0  9.00  36.3
135.0  8.00  36.3
136.0  21.00  38.0
137.0  8.00  38.0
138.0  9.00  38.1
139.0  8.00  38.1
140.0  10.00  38.2
141.0  9.00  38.2
142.0  7.00  38.2
143.0  8.00  38.2
144.0  10.00  38.2
145.0  9.00  38.2
146.0  9.00  38.2
147.0  8.00  38.2
148.0  8.00  38.2
149.0  9.00  38.2
150.0  9.00  38.2
151.0  9.00  38.2
152.0  9.00  38.2
153.0  8.00  38.2
154.0  10.00  38.2
155.0  8.00  38.2
156.0  9.00  38.3
157.0  9.00  38.3
158.0  8.00  38.3
159.0  9.00  38.3
160.0  9.00  38.3
161.0  9.00  38.3
162.0  9.00  38.3
163.0  9.00  38.3
164.0  8.00  38.3
165.0  10.00  38.4
166.0  8.00  38.4
167.0  9.00  38.4
168.0  9.00  38.4
169.0  8.00  38.4
170.0  10.00  38.4
171.0  8.00  38.4
172.0  9.00  38.5
173.0  8.00  38.5
174.0  10.00  38.5
175.0  9.00  38.5
176.0  8.00  38.5
177.0  9.00  38.5
178.0  8.00  38.5
179.0  10.00  38.5
180.0  9.00  38.5
181.0  9.00  38.5
182.0  9.00  38.5
183.0  7.00  38.5
184.0  9.00  38.5
185.0  10.00  38.7
186.0  7.00  38.7
187.0  10.00  38.7
188.0  9.00  38.7
189.0  7.00  38.7
190.0  9.00  38.7
191.0  21.00  42.6
192.0  8.00  42.6
193.1  9.00  42.6
194.1  8.00  42.6
195.1  11.00  42.6
196.1  7.00  42.6
197.1  10.00  42.6
198.1  8.00  42.6
199.1  8.00  42.6
200.1  9.00  42.6
201.1  9.00  42.6
202.1  8.00  42.6
203.1  8.00  42.6
204.1  9.00  42.6
205.1  9.00  42.6
206.1  8.00  42.6
207.1  9.00  42.6
208.1  9.00  42.6
209.1  8.00  42.6
210.1  11.00  42.6
211.1  8.00  42.6
212.1  8.00  42.6
213.1  9.00  42.6
214.1  9.00  42.6
215.1  9.00  42.6
216.1  8.00  42.6
217.1  9.00  42.6
218.1  9.00  42.6
219.1  8.00  42.6
220.1  10.00  42.6
221.1  8.00  42.6
222.1  8.00  42.6
223.1  8.00  42.6
224.1  10.00  42.6
225.1  8.00  42.6
226.1  9.00  42.6
227.1  9.00  42.6
228.1  8.00  42.6
229.1  10.00  42.6
230.1  8.00  42.6
231.1  9.00  42.6
232.1  9.00  42.6
233.1  9.00  42.6
234.1  8.00  42.6
235.1  10.00  42.6
236.1  9.00  42.6
237.1  9.00  42.6
238.1  9.00  42.6
239.1  7.00  42.6
240.1  11.00  42.6
241.1  8.00  42.6
242.1  9.00  42.6
243.1  8.00  42.6
244.1  10.00  42.6
245.1  9.00  42.6
246.1  9.00  42.6
247.1  9.00  42.6
248.1  7.00  42.7
249.1  10.00  42.7
250.1  9.00  42.7
251.1  20.00  43.2
252.1  8.00  43.3
253.1  10.00  43.3
254.1  8.00  43.3
255.1  21.00  43.4
256.1  8.00  43.4
257.1  7.00  43.4
258.1  9.00  43.4
259.1  10.00  43.4
260.1  8.00  43.5
261.1  10.00  43.5
262.1  8.00  43.5
263.1  8.00  43.5
264.1  8.00  43.5
265.1  11.00  43.5
266.1  8.00  43.5
267.1  10.00  43.5
268.1  8.00  43.5
269.1  9.00  43.5
270.1  9.00  43.5
271.1  9.00  43.5
272.1  20.00  43.6
273.1  9.00  43.6
274.1  9.00  43.6
275.1  9.00  43.6
276.1  9.00  43.6
277.1  9.00  43.6
278.1  8.00  43.6
279.1  9.00  43.6
280.1  9.00  43.6
281.1  9.00  43.6
282.1  8.00  43.6
283.1  10.00  43.6
284.1  8.00  43.6
285.1  10.00  43.6
286.1  8.00  43.6
287.1  10.00  43.6
288.1  8.00  43.6
289.1  9.00  43.6
290.1  9.00  43.6
291.1  9.00  43.6
292.1  9.00  43.6
293.1  8.00  43.6
294.1  9.00  43.6
295.1  10.00  43.6
296.1  9.00  43.6
297.1  9.00  43.6
298.1  7.00  43.6
299.1  8.00  43.6
300.1  10.00  43.6
301.1  8.00  43.6
302.1  9.00  43.6
303.1  9.00  43.6
304.1  8.00  43.6
305.1  8.00  43.6
306.1  10.00  43.6
307.1  8.00  43.6
308.1  9.00  43.6
309.1  9.00  43.6
310.1  22.00  44.0
311.1  8.00  44.0
312.1  8.00  44.0
313.1  21.00  44.2
314.1  8.00  44.2
315.1  8.00  44.2
316.1  9.00  44.2
317.1  10.00  44.2
318.1  7.00  44.2
319.1  10.00  44.2
320.1  8.00  44.2
321.1  9.00  44.2
322.1  8.00  44.2
323.1  9.00  44.2
324.1  9.00  44.2
325.1  10.00  44.2
326.1  8.00  44.2
327.1  9.00  44.2
328.1  8.00  44.2
329.1  9.00  44.2
330.1  9.00  44.2
331.1  8.00  44.2
332.1  9.00  44.2
333.1  9.00  44.2
334.1  9.00  44.2
335.1  8.00  44.2
336.1  10.00  44.2
337.1  8.00  44.2
338.1  8.00  44.2
339.1  10.00  44.2
340.1  9.00  44.2
341.1  7.00  44.2
342.1  10.00  44.2
343.1  8.00  44.2
344.1  10.00  44.2
345.1  8.00  44.2
346.1  10.00  44.2
347.1  8.00  44.2
348.1  9.00  44.2
349.1  9.00  44.2
350.1  10.00  44.2
351.1  9.00  44.2
352.1  7.00  44.2
353.1  9.00  44.2
354.1  9.00  44.2
355.1  10.00  44.2
356.1  8.00  44.2
357.1  9.00  44.2
358.1  8.00  44.2
359.1  8.00  44.2
360.1  9.00  44.2
361.1  9.00  44.2
362.1  5.00  0.0

[SUMMARY]
n_samples:    362
cpu_mean_pct: 8.92
cpu_max_pct:  22.00
cpu_min_pct:  5.00
ram_mean_mb:  39.5
ram_max_mb:   44.2
ram_min_mb:   0.0
