# Resource monitor: async_slam_toolbox_node (algorithm=slam_toolbox)
# timestamp_s  cpu_pct  ram_mb
1.0  7.00  32.1
2.0  8.00  32.1
3.0  6.00  32.2
4.0  8.00  32.3
5.0  7.00  32.4
6.0  7.00  32.5
7.0  8.00  32.5
8.0  8.00  32.6
9.0  9.00  32.6
10.0  8.00  32.7
11.0  8.00  32.7
12.0  8.00  32.7
13.0  10.00  33.9
14.0  7.00  34.0
15.0  10.00  34.5
16.0  9.00  34.5
17.0  7.00  34.5
18.0  9.00  34.5
19.0  9.00  34.5
20.0  9.00  34.6
21.0  9.00  34.6
22.0  8.00  34.6
23.0  9.00  34.6
24.0  10.00  34.7
25.0  7.00  34.8
26.0  10.00  34.9
27.0  8.00  34.9
28.0  8.00  34.9
29.0  10.00  34.9
30.0  7.00  34.9
31.0  10.00  34.9
32.0  8.00  34.9
33.0  8.00  34.9
34.0  8.00  34.9
35.0  10.00  34.9
36.0  7.00  35.0
37.0  10.00  35.0
38.0  8.00  35.0
39.0  9.00  35.0
40.0  9.00  35.0
41.0  9.00  35.1
42.0  8.00  35.1
43.0  8.00  35.1
44.0  10.00  35.1
45.0  8.00  35.1
46.0  9.00  35.2
47.0  8.00  35.2
48.0  10.00  35.2
49.0  7.00  35.2
50.0  11.00  35.2
51.0  8.00  35.2
52.0  9.00  35.3
53.0  7.00  35.3
54.0  9.00  35.3
55.0  10.00  35.3
56.0  8.00  35.3
57.0  9.00  35.3
58.0  8.00  35.3
59.0  10.00  35.3
60.0  8.00  35.4
61.0  9.00  35.4
62.0  8.00  35.4
63.0  8.00  35.4
64.0  9.00  35.4
65.0  9.00  35.5
66.0  10.00  35.5
67.0  7.00  35.5
68.0  8.00  35.5
69.0  9.00  35.5
70.0  9.00  35.6
71.0  8.00  35.6
72.0  10.00  35.6
73.0  8.00  35.6
74.0  8.00  35.6
75.0  8.00  35.6
76.0  10.00  35.7
77.0  7.00  35.7
78.0  10.00  35.7
79.0  8.00  35.7
80.0  9.00  35.7
81.0  9.00  35.7
82.0  9.00  35.8
83.0  8.00  35.8
84.0  8.00  35.8
85.0  9.00  35.8
86.0  9.00  35.8
87.0  8.00  35.8
88.0  10.00  35.8
89.0  8.00  35.8
90.0  8.00  35.8
91.0  8.00  35.8
92.0  10.00  35.9
93.0  8.00  35.9
94.0  8.00  35.9
95.0  9.00  35.9
96.0  8.00  35.9
97.0  10.00  35.9
98.0  8.00  35.9
99.0  9.00  35.9
100.0  9.00  35.9
101.0  7.00  35.9
102.0  9.00  35.9
103.0  9.00  36.0
104.0  8.00  36.0
105.0  10.00  36.0
106.0  7.00  36.0
107.0  9.00  36.0
108.0  8.00  36.0
109.0  9.00  36.0
110.0  8.00  36.0
111.0  10.00  36.0
112.0  9.00  36.0
113.0  8.00  36.1
114.0  9.00  36.1
115.0  8.00  36.1
116.0  10.00  36.1
117.0  8.00  36.1
118.0  9.00  36.1
119.0  8.00  36.1
120.0  10.00  36.2
121.0  8.00  36.2
122.0  9.00  36.2
123.0  8.00  36.2
124.0  10.00  36.2
125.0  9.00  36.2
126.0  7.00  36.2
127.0  10.00  36.2
128.0  8.00  36.2
129.0  10.00  36.3
130.0  8.00  36.3
131.0  10.00  36.3
132.0  8.00  36.3
133.0  9.00  36.3
134.0  8.00  36.3
135.0  22.00  38.1
136.0  7.00  38.1
137.0  9.00  38.1
138.0  9.00  38.2
139.0  9.00  38.2
140.0  9.00  38.2
141.0  9.00  38.2
142.0  8.00  38.2
143.0  8.00  38.2
144.0  9.00  38.2
145.0  9.00  38.2
146.0  10.00  38.2
147.0  7.00  38.2
148.0  8.00  38.2
149.0  9.00  38.2
150.0  10.00  38.3
151.0  8.00  38.3
152.0  9.00  38.3
153.0  8.00  38.3
154.0  10.00  38.3
155.0  9.00  38.3
156.0  20.00  42.2
157.0  8.00  42.2
158.0  8.00  42.2
159.0  9.00  42.2
160.0  9.00  42.2
161.0  9.00  42.2
162.0  9.00  42.2
163.0  9.00  42.2
164.0  8.00  42.2
165.0  11.00  42.2
166.0  7.00  42.2
167.0  8.00  42.2
168.0  10.00  42.2
169.0  8.00  42.2
170.0  10.00  42.2
171.0  7.00  42.2
172.0  11.00  42.2
173.0  7.00  42.2
174.0  10.00  42.2
175.0  8.00  42.2
176.0  10.00  42.2
177.0  8.00  42.2
178.0  8.00  42.2
179.0  10.00  42.2
180.0  8.00  42.2
181.0  9.00  42.2
182.0  9.00  42.2
183.0  8.00  42.2
184.0  8.00  42.2
185.0  9.00  42.2
186.0  9.00  42.2
187.0  10.00  42.2
188.0  7.00  42.2
189.0  9.00  42.2
190.0  8.00  42.2
191.0  9.00  42.2
192.0  9.00  42.2
193.0  19.00  42.6
194.1  9.00  42.6
195.1  9.00  42.6
196.1  9.00  42.6
197.1  10.00  42.6
198.1  7.00  42.6
199.1  9.00  42.6
200.1  8.00  42.6
201.1  10.00  42.6
202.1  8.00  42.6
203.1  9.00  42.6
204.1  8.00  42.6
205.1  8.00  42.6
206.1  9.00  42.6
207.1  9.00  42.6
208.1  8.00  42.6
209.1  9.00  42.6
210.1  10.00  42.6
211.1  8.00  42.6
212.1  9.00  42.6
213.1  8.00  42.6
214.1  10.00  42.6
215.1  9.00  42.6
216.1  7.00  42.6
217.1  9.00  42.6
218.1  9.00  42.6
219.1  8.00  42.6
220.1  11.00  42.6
221.1  8.00  42.6
222.1  8.00  42.6
223.1  7.00  42.6
224.1  11.00  42.6
225.1  8.00  42.7
226.1  10.00  42.7
227.1  7.00  42.7
228.1  8.00  42.7
229.1  9.00  42.7
230.1  9.00  42.7
231.1  10.00  42.7
232.1  8.00  42.7
233.1  9.00  42.7
234.1  9.00  42.7
235.1  10.00  42.7
236.1  8.00  42.7
237.1  9.00  42.7
238.1  8.00  42.7
239.1  10.00  42.7
240.1  9.00  42.7
241.1  8.00  42.7
242.1  9.00  42.7
243.1  8.00  42.7
244.1  10.00  42.7
245.1  9.00  42.7
246.1  9.00  42.7
247.1  8.00  42.7
248.1  9.00  42.7
249.1  9.00  42.7
250.1  9.00  42.7
251.1  21.00  43.3
252.1  8.00  43.3
253.1  9.00  43.3
254.1  9.00  43.3
255.1  9.00  43.3
256.1  9.00  43.3
257.1  8.00  43.3
258.1  8.00  43.3
259.1  9.00  43.3
260.1  9.00  43.3
261.1  10.00  43.3
262.1  8.00  43.3
263.1  8.00  43.3
264.1  7.00  43.3
265.1  11.00  43.3
266.1  8.00  43.3
267.1  10.00  43.3
268.1  8.00  43.3
269.1  10.00  43.3
270.1  8.00  43.3
271.1  10.00  43.3
272.1  7.00  43.3
273.1  10.00  43.3
274.1  8.00  43.3
275.1  10.00  43.3
276.1  9.00  43.3
277.1  8.00  43.3
278.1  10.00  43.3
279.1  8.00  43.3
280.1  10.00  43.3
281.1  7.00  43.3
282.1  9.00  43.3
283.1  10.00  43.3
284.1  7.00  43.3
285.1  11.00  43.3
286.1  7.00  43.3
287.1  10.00  43.3
288.1  8.00  43.3
289.1  10.00  43.3
290.1  9.00  43.3
291.1  7.00  43.3
292.1  10.00  43.3
293.1  8.00  43.3
294.1  9.00  43.3
295.1  9.00  43.3
296.1  10.00  43.3
297.1  8.00  43.4
298.1  8.00  43.4
299.1  8.00  43.4
300.1  11.00  43.4
301.1  8.00  43.4
302.1  9.00  43.4
303.1  8.00  43.4
304.1  9.00  43.4
305.1  8.00  43.4
306.1  10.00  43.4
307.1  8.00  43.4
308.1  19.00  43.9
309.1  9.00  43.9
310.1  10.00  43.9
311.1  8.00  43.9
312.1  9.00  43.9
313.1  8.00  43.9
314.1  8.00  43.9
315.1  9.00  43.9
316.1  9.00  43.9
317.1  9.00  43.9
318.1  8.00  43.9
319.1  9.00  43.9
320.1  8.00  43.9
321.1  9.00  44.0
322.1  8.00  44.0
323.1  10.00  44.0
324.1  7.00  44.0
325.1  11.00  44.0
326.1  8.00  44.0
327.1  9.00  44.0
328.1  9.00  44.0
329.1  9.00  44.0
330.1  8.00  44.0
331.1  8.00  44.0
332.1  8.00  44.0
333.1  10.00  44.0
334.1  7.00  44.0
335.1  12.00  44.0
336.1  8.00  44.0
337.1  7.00  44.0
338.1  9.00  44.0
339.1  8.00  44.0
340.1  9.00  44.0
341.1  11.00  44.0
342.1  7.00  44.0
343.1  9.00  44.0
344.1  9.00  44.0
345.1  9.00  44.0
346.1  10.00  44.0
347.1  8.00  44.0
348.1  9.00  44.0
349.1  8.00  44.0
350.1  11.00  44.0
351.1  7.00  44.0
352.1  10.00  44.0
353.1  8.00  44.0
354.1  8.00  44.0
355.1  11.00  44.0
356.1  8.00  44.0
357.1  8.00  44.0
358.1  8.00  44.0
359.1  9.00  44.0
360.1  9.00  44.0
361.1  8.00  44.0
362.1  3.00  0.0

[SUMMARY]
n_samples:    362
cpu_mean_pct: 8.83
cpu_max_pct:  22.00
cpu_min_pct:  3.00
ram_mean_mb:  39.8
ram_max_mb:   44.0
ram_min_mb:   0.0
