# Resource monitor: async_slam_toolbox_node (algorithm=slam_toolbox)
# timestamp_s  cpu_pct  ram_mb
1.0  9.00  32.1
2.0  8.00  32.2
3.0  7.00  32.2
4.0  8.00  32.4
5.0  7.00  32.5
6.0  9.00  32.5
7.0  7.00  32.6
8.0  10.00  32.7
9.0  8.00  32.7
10.0  9.00  32.8
11.0  9.00  32.8
12.0  8.00  32.8
13.0  11.00  34.0
14.0  9.00  34.0
15.0  9.00  34.6
16.0  9.00  34.6
17.0  9.00  34.7
18.0  10.00  34.7
19.0  8.00  34.7
20.0  11.00  34.8
21.0  8.00  34.8
22.0  8.00  34.8
23.0  11.00  34.8
24.0  8.00  34.8
25.0  10.00  34.9
26.0  9.00  34.9
27.0  9.00  34.9
28.0  9.00  34.9
29.0  10.00  34.9
30.0  7.00  34.9
31.0  11.00  34.9
32.0  8.00  34.9
33.0  11.00  35.0
34.0  8.00  35.0
35.0  10.00  35.0
36.0  9.00  35.0
37.0  9.00  35.1
38.0  10.00  35.1
39.0  9.00  35.1
40.0  9.00  35.1
41.0  9.00  35.1
42.0  9.00  35.1
43.0  9.00  35.1
44.0  8.00  35.1
45.0  12.00  35.2
46.0  8.00  35.2
47.0  10.00  35.2
48.0  8.00  35.2
49.0  9.00  35.2
50.0  10.00  35.2
51.0  9.00  35.2
52.0  8.00  35.2
53.0  9.00  35.2
54.0  10.00  35.2
55.0  9.00  35.3
56.0  10.00  35.3
57.0  9.00  35.3
58.0  10.00  35.3
59.0  9.00  35.3
60.0  10.00  35.3
61.0  8.00  35.3
62.0  11.00  35.3
63.0  7.00  35.3
64.0  10.00  35.4
65.0  9.00  35.4
66.0  9.00  35.4
67.0  11.00  35.4
68.0  8.00  35.4
69.0  10.00  35.4
70.0  9.00  35.4
71.0  8.00  35.4
72.0  10.00  35.4
73.0  8.00  35.4
74.0  10.00  35.5
75.0  9.00  35.5
76.0  10.00  35.5
77.0  9.00  35.5
78.0  8.00  35.5
79.0  10.00  35.6
80.0  9.00  35.6
81.0  11.00  35.6
82.0  8.00  35.6
83.0  10.00  35.6
84.0  8.00  35.6
85.0  11.00  35.6
86.0  9.00  35.6
87.0  9.00  35.7
88.0  9.00  35.7
89.0  10.00  35.7
90.0  8.00  35.7
91.0  10.00  35.7
92.0  10.00  35.7
93.0  8.00  35.7
94.0  10.00  35.8
95.0  9.00  35.8
96.0  8.00  35.8
97.0  11.00  35.8
98.0  9.00  35.8
99.0  9.00  35.8
100.0  9.00  35.8
101.0  9.00  35.8
102.0  9.00  35.8
103.0  9.00  35.8
104.0  10.00  35.8
105.0  10.00  35.9
106.0  8.00  35.9
107.0  11.00  35.9
108.0  8.00  35.9
109.0  10.00  35.9
110.0  9.00  35.9
111.0  9.00  35.9
112.0  10.00  35.9
113.0  9.00  35.9
114.0  9.00  35.9
115.0  10.00  35.9
116.0  9.00  36.0
117.0  9.00  36.0
118.0  8.00  36.0
119.0  9.00  36.0
120.0  11.00  36.0
121.0  8.00  36.0
122.0  10.00  36.0
123.0  9.00  36.0
124.0  10.00  36.0
125.0  9.00  36.0
126.0  9.00  36.0
127.0  9.00  36.0
128.0  10.00  36.1
129.0  8.00  36.1
130.0  11.00  36.1
131.0  8.00  36.1
132.0  10.00  36.1
133.0  10.00  36.1
134.0  8.00  36.1
135.0  10.00  36.1
136.0  9.00  36.1
137.0  10.00  36.2
138.0  8.00  36.2
139.0  10.00  36.2
140.0  10.00  36.2
141.0  10.00  36.2
142.0  8.00  36.2
143.0  9.00  36.2
144.0  10.00  36.2
145.0  9.00  36.2
146.0  10.00  36.3
147.0  9.00  36.3
148.0  10.00  36.3
149.0  9.00  36.3
150.0  10.00  36.3
151.0  8.00  36.3
152.0  10.00  36.3
153.0  9.00  36.3
154.0  10.00  36.3
155.0  10.00  36.3
156.0  8.00  36.4
157.0  11.00  36.4
158.0  8.00  36.4
159.0  9.00  36.4
160.0  11.00  36.4
161.0  8.00  36.4
162.0  10.00  36.4
163.0  9.00  36.4
164.0  10.00  36.4
165.0  9.00  36.4
166.0  10.00  36.5
167.0  9.00  36.5
168.0  9.00  36.5
169.0  10.00  36.5
170.0  9.00  36.5
171.0  22.00  38.2
172.0  8.00  38.2
173.0  11.00  38.4
174.0  8.00  38.4
175.0  9.00  38.4
176.0  9.00  38.4
177.0  11.00  38.4
178.0  8.00  38.4
179.0  10.00  38.4
180.0  9.00  38.4
181.0  10.00  38.4
182.0  8.00  38.4
183.0  10.00  38.4
184.0  10.00  38.4
185.0  9.00  38.4
186.0  10.00  38.4
187.0  8.00  38.4
188.0  11.00  38.4
189.0  8.00  38.4
190.0  10.00  38.4
191.1  9.00  38.4
192.1  9.00  38.5
193.1  9.00  38.5
194.1  10.00  38.5
195.1  9.00  38.5
196.1  10.00  38.5
197.1  9.00  38.5
198.1  10.00  38.5
199.1  9.00  38.5
200.1  9.00  38.5
201.1  8.00  38.5
202.1  10.00  38.5
203.1  8.00  38.5
204.1  11.00  38.6
205.1  8.00  38.6
206.1  10.00  38.6
207.1  9.00  38.6
208.1  9.00  38.6
209.1  10.00  38.6
210.1  8.00  38.6
211.1  11.00  38.6
212.1  8.00  38.6
213.1  11.00  38.7
214.1  8.00  38.7
215.1  10.00  38.7
216.1  9.00  38.7
217.1  9.00  38.7
218.1  10.00  38.7
219.1  9.00  38.7
220.1  11.00  38.7
221.1  8.00  38.7
222.1  9.00  38.7
223.1  10.00  38.8
224.1  8.00  38.8
225.1  11.00  38.8
226.1  9.00  38.8
227.1  10.00  38.8
228.1  8.00  38.8
229.1  8.00  38.8
230.1  11.00  38.8
231.1  9.00  38.8
232.1  10.00  38.8
233.1  8.00  38.9
234.1  11.00  38.9
235.1  9.00  38.9
236.1  10.00  38.9
237.1  8.00  38.9
238.1  10.00  38.9
239.1  9.00  38.9
240.1  10.00  38.9
241.1  9.00  39.0
242.1  8.00  39.0
243.1  10.00  39.0
244.1  9.00  39.0
245.1  21.00  42.8
246.1  9.00  42.8
247.1  9.00  42.8
248.1  10.00  42.9
249.1  9.00  42.9
250.1  9.00  42.9
251.1  10.00  42.9
252.1  9.00  42.9
253.1  8.00  42.9
254.1  10.00  42.9
255.1  9.00  42.9
256.1  11.00  42.9
257.1  8.00  42.9
258.1  11.00  42.9
259.1  8.00  42.9
260.1  10.00  42.9
261.1  9.00  42.9
262.1  9.00  42.9
263.1  9.00  42.9
264.1  10.00  42.9
265.1  10.00  42.9
266.1  8.00  42.9
267.1  8.00  42.9
268.1  11.00  42.9
269.1  8.00  42.9
270.1  22.00  43.1
271.1  8.00  43.1
272.1  9.00  43.1
273.1  10.00  43.1
274.1  9.00  43.1
275.1  9.00  43.1
276.1  10.00  43.1
277.1  9.00  43.1
278.1  9.00  43.1
279.1  10.00  43.1
280.1  9.00  43.1
281.1  10.00  43.1
282.1  8.00  43.1
283.1  10.00  43.1
284.1  9.00  43.1
285.1  11.00  43.1
286.1  7.00  43.1
287.1  11.00  43.1
288.1  9.00  43.1
289.1  8.00  43.1
290.1  10.00  43.1
291.1  10.00  43.1
292.1  9.00  43.1
293.1  8.00  43.1
294.1  11.00  43.1
295.1  9.00  43.1
296.1  8.00  43.2
297.1  11.00  43.2
298.1  9.00  43.2
299.1  10.00  43.2
300.1  9.00  43.2
301.1  9.00  43.2
302.1  9.00  43.2
303.1  9.00  43.2
304.1  10.00  43.2
305.1  10.00  43.2
306.1  10.00  43.2
307.1  8.00  43.2
308.1  9.00  43.2
309.1  9.00  43.2
310.1  10.00  43.2
311.1  9.00  43.2
312.1  8.00  43.2
313.1  7.00  0.0
314.1  0.00  0.0

[SUMMARY]
n_samples:    314
cpu_mean_pct: 9.32
cpu_max_pct:  22.00
cpu_min_pct:  0.00
ram_mean_mb:  37.6
ram_max_mb:   43.2
ram_min_mb:   0.0
