# Resource monitor: async_slam_toolbox_node (algorithm=slam_toolbox)
# timestamp_s  cpu_pct  ram_mb
1.0  8.00  32.0
2.0  8.00  32.1
3.0  7.00  32.1
4.0  7.00  32.3
5.0  7.00  32.4
6.0  8.00  32.4
7.0  7.00  32.5
8.0  8.00  32.6
9.0  9.00  32.6
10.0  8.00  32.7
11.0  7.00  32.7
12.0  9.00  32.7
13.0  9.00  34.0
14.0  9.00  34.0
15.0  9.00  34.5
16.0  8.00  34.6
17.0  8.00  34.6
18.0  10.00  34.6
19.0  8.00  34.6
20.0  8.00  34.7
21.0  9.00  34.7
22.0  10.00  34.7
23.0  7.00  34.7
24.0  10.00  34.7
25.0  8.00  34.8
26.0  10.00  34.9
27.0  8.00  34.9
28.0  8.00  34.9
29.0  9.00  34.9
30.0  8.00  34.9
31.0  10.00  34.9
32.0  7.00  34.9
33.0  9.00  34.9
34.0  8.00  34.9
35.0  9.00  34.9
36.0  9.00  34.9
37.0  9.00  35.0
38.0  8.00  35.0
39.0  10.00  35.0
40.0  8.00  35.0
41.0  9.00  35.0
42.0  9.00  35.0
43.0  7.00  35.0
44.0  10.00  35.1
45.0  8.00  35.1
46.0  9.00  35.1
47.0  9.00  35.1
48.0  9.00  35.1
49.0  8.00  35.1
50.0  9.00  35.2
51.0  9.00  35.2
52.0  8.00  35.2
53.0  9.00  35.2
54.0  8.00  35.2
55.0  9.00  35.2
56.0  9.00  35.2
57.0  10.00  35.2
58.0  8.00  35.2
59.0  9.00  35.3
60.0  8.00  35.3
61.0  9.00  35.4
62.0  8.00  35.4
63.0  9.00  35.4
64.0  10.00  35.4
65.0  7.00  35.4
66.0  10.00  35.5
67.0  8.00  35.5
68.0  8.00  35.5
69.0  9.00  35.5
70.0  8.00  35.6
71.0  8.00  35.6
72.0  10.00  35.6
73.0  8.00  35.6
74.0  8.00  35.6
75.0  8.00  35.6
76.0  10.00  35.7
77.0  8.00  35.7
78.0  10.00  35.7
79.0  7.00  35.7
80.0  10.00  35.7
81.0  8.00  35.7
82.0  10.00  35.7
83.0  7.00  35.7
84.0  8.00  35.7
85.0  9.00  35.7
86.0  10.00  35.8
87.0  8.00  35.8
88.0  9.00  35.8
89.0  8.00  35.8
90.0  8.00  35.8
91.0  9.00  35.8
92.0  9.00  35.8
93.0  8.00  35.8
94.0  8.00  35.8
95.0  10.00  35.9
96.0  8.00  35.9
97.0  10.00  35.9
98.0  7.00  35.9
99.0  10.00  35.9
100.0  8.00  35.9
101.0  8.00  35.9
102.0  8.00  35.9
103.0  10.00  35.9
104.0  8.00  35.9
105.0  10.00  36.0
106.0  8.00  36.0
107.0  9.00  36.0
108.0  7.00  36.0
109.0  9.00  36.0
110.0  9.00  36.0
111.0  10.00  36.0
112.0  7.00  36.0
113.0  9.00  36.0
114.0  8.00  36.0
115.0  9.00  36.0
116.0  10.00  36.1
117.0  8.00  36.1
118.0  9.00  36.1
119.0  9.00  36.1
120.0  10.00  36.1
121.0  7.00  36.1
122.0  10.00  36.2
123.0  8.00  36.2
124.0  9.00  36.2
125.0  9.00  36.2
126.0  8.00  36.2
127.0  9.00  36.2
128.0  8.00  36.2
129.0  10.00  36.2
130.0  8.00  36.2
131.0  10.00  36.3
132.0  8.00  36.3
133.0  9.00  36.3
134.0  8.00  36.3
135.0  8.00  36.3
136.0  22.00  38.0
137.0  8.00  38.0
138.0  9.00  38.1
139.0  9.00  38.1
140.0  10.00  38.2
141.0  9.00  38.2
142.0  7.00  38.2
143.0  8.00  38.2
144.0  10.00  38.2
145.0  9.00  38.2
146.0  8.00  38.2
147.0  9.00  38.2
148.0  8.00  38.2
149.0  8.00  38.2
150.0  10.00  38.2
151.0  8.00  38.2
152.0  9.00  38.2
153.0  9.00  38.2
154.0  9.00  38.3
155.0  9.00  38.3
156.0  8.00  38.3
157.0  9.00  38.3
158.0  9.00  38.3
159.0  9.00  38.3
160.0  9.00  38.3
161.0  9.00  38.3
162.0  8.00  38.3
163.0  10.00  38.4
164.0  8.00  38.4
165.0  10.00  38.4
166.0  8.00  38.4
167.0  8.00  38.4
168.0  10.00  38.4
169.0  8.00  38.4
170.0  10.00  38.5
171.0  7.00  38.5
172.0  10.00  38.5
173.0  8.00  38.5
174.0  9.00  38.5
175.0  9.00  38.5
176.0  8.00  38.5
177.0  10.00  38.5
178.0  9.00  38.5
179.0  9.00  38.6
180.0  8.00  38.6
181.0  10.00  38.6
182.0  8.00  38.6
183.0  8.00  38.6
184.0  8.00  38.6
185.0  10.00  38.6
186.0  8.00  38.6
187.0  9.00  38.6
188.0  8.00  38.6
189.0  9.00  38.6
190.1  8.00  38.6
191.1  20.00  42.5
192.1  9.00  42.5
193.1  9.00  42.5
194.1  8.00  42.5
195.1  10.00  42.5
196.1  7.00  42.5
197.1  10.00  42.5
198.1  8.00  42.5
199.1  9.00  42.5
200.1  8.00  42.5
201.1  9.00  42.5
202.1  9.00  42.5
203.1  7.00  42.5
204.1  10.00  42.5
205.1  9.00  42.5
206.1  7.00  42.5
207.1  8.00  42.5
208.1  10.00  42.5
209.1  8.00  42.5
210.1  11.00  42.5
211.1  7.00  42.5
212.1  10.00  42.6
213.1  9.00  42.6
214.1  8.00  42.6
215.1  9.00  42.6
216.1  9.00  42.6
217.1  7.00  42.6
218.1  10.00  42.6
219.1  7.00  42.6
220.1  11.00  42.6
221.1  7.00  42.6
222.1  9.00  42.6
223.1  8.00  42.6
224.1  10.00  42.6
225.1  8.00  42.6
226.1  8.00  42.6
227.1  9.00  42.6
228.1  9.00  42.6
229.1  9.00  42.6
230.1  9.00  42.6
231.1  9.00  42.6
232.1  9.00  42.6
233.1  9.00  42.6
234.1  8.00  42.6
235.1  10.00  42.6
236.1  8.00  42.6
237.1  10.00  42.6
238.1  7.00  42.6
239.1  9.00  42.6
240.1  10.00  42.6
241.1  8.00  42.6
242.1  9.00  42.6
243.1  9.00  42.6
244.1  9.00  42.6
245.1  9.00  42.6
246.1  10.00  42.6
247.1  7.00  42.6
248.1  8.00  42.6
249.1  10.00  42.6
250.1  9.00  42.6
251.1  21.00  43.2
252.1  8.00  43.2
253.1  10.00  43.2
254.1  8.00  43.2
255.1  10.00  43.3
256.1  8.00  43.3
257.1  8.00  43.3
258.1  8.00  43.3
259.1  21.00  43.5
260.1  9.00  43.5
261.1  9.00  43.5
262.1  8.00  43.5
263.1  8.00  43.5
264.1  9.00  43.5
265.1  10.00  43.5
266.1  8.00  43.5
267.1  21.00  43.6
268.1  8.00  43.6
269.1  9.00  43.6
270.1  10.00  43.6
271.1  7.00  43.6
272.1  10.00  43.6
273.1  8.00  43.6
274.1  10.00  43.6
275.1  8.00  43.6
276.1  9.00  43.7
277.1  9.00  43.7
278.1  9.00  43.7
279.1  8.00  43.7
280.1  10.00  43.7
281.1  8.00  43.7
282.1  9.00  43.7
283.1  9.00  43.7
284.1  8.00  43.7
285.1  11.00  43.7
286.1  7.00  43.7
287.1  10.00  43.7
288.1  8.00  43.7
289.1  9.00  43.7
290.1  10.00  43.7
291.1  8.00  43.7
292.1  10.00  43.7
293.1  8.00  43.7
294.1  9.00  43.7
295.1  9.00  43.7
296.1  9.00  43.7
297.1  9.00  43.7
298.1  7.00  43.7
299.1  9.00  43.7
300.1  11.00  43.7
301.1  8.00  43.7
302.1  9.00  43.7
303.1  8.00  43.7
304.1  8.00  43.7
305.1  9.00  43.7
306.1  10.00  43.7
307.1  7.00  43.7
308.1  19.00  44.0
309.1  8.00  44.0
310.1  21.00  44.0
311.1  9.00  44.0
312.1  8.00  44.0
313.1  20.00  44.2
314.1  8.00  44.2
315.1  9.00  44.2
316.1  9.00  44.2
317.1  9.00  44.2
318.1  8.00  44.2
319.1  9.00  44.2
320.1  9.00  44.2
321.1  8.00  44.3
322.1  8.00  44.3
323.1  10.00  44.3
324.1  8.00  44.3
325.1  11.00  44.3
326.1  7.00  44.3
327.1  10.00  44.3
328.1  9.00  44.3
329.1  8.00  44.3
330.1  9.00  44.3
331.1  8.00  44.3
332.1  9.00  44.3
333.1  9.00  44.3
334.1  8.00  44.3
335.1  9.00  44.3
336.1  10.00  44.3
337.1  8.00  44.3
338.1  8.00  44.3
339.1  8.00  44.3
340.1  11.00  44.3
341.1  8.00  44.3
342.1  9.00  44.3
343.1  8.00  44.3
344.1  10.00  44.3
345.1  8.00  44.3
346.1  10.00  44.3
347.1  8.00  44.3
348.1  9.00  44.3
349.1  9.00  44.3
350.1  10.00  44.3
351.1  8.00  44.3
352.1  9.00  44.3
353.1  9.00  44.3
354.1  9.00  44.3
355.1  9.00  44.3
356.1  9.00  44.3
357.1  8.00  44.3
358.1  8.00  44.3
359.1  9.00  44.3
360.1  9.00  44.3
361.1  7.00  44.3
362.1  5.00  0.0

[SUMMARY]
n_samples:    362
cpu_mean_pct: 8.94
cpu_max_pct:  22.00
cpu_min_pct:  5.00
ram_mean_mb:  39.5
ram_max_mb:   44.3
ram_min_mb:   0.0
