# Resource monitor: nav2_amcl (algorithm=amcl)
# timestamp_s  cpu_pct  ram_mb
1.0  8.00  28.5
2.0  8.00  28.6
3.0  7.00  28.6
4.0  8.00  28.6
5.0  9.00  28.6
6.0  8.00  28.6
7.0  7.00  28.6
8.0  9.00  28.8
9.0  8.00  28.8
10.0  9.00  28.8
11.0  8.00  28.8
12.0  9.00  28.8
13.0  9.00  28.8
14.0  9.00  28.8
15.0  8.00  28.8
16.0  9.00  28.8
17.0  8.00  28.8
18.0  9.00  28.8
19.0  9.00  28.8
20.0  8.00  28.8
21.0  9.00  28.8
22.0  9.00  28.8
23.0  8.00  28.8
24.0  10.00  28.9
25.0  9.00  28.9
26.0  9.00  28.9
27.0  10.00  28.9
28.0  8.00  28.9
29.0  8.00  28.9
30.0  9.00  28.9
31.0  9.00  28.9
32.0  9.00  28.9
33.0  10.00  28.9
34.0  8.00  28.9
35.0  8.00  28.9
36.0  9.00  28.9
37.0  8.00  28.9
38.0  9.00  28.9
39.0  9.00  28.9
40.0  9.00  28.9
41.0  8.00  28.9
42.0  8.00  28.9
43.0  9.00  28.9
44.0  9.00  28.9
45.0  9.00  28.9
46.0  9.00  28.9
47.0  8.00  28.9
48.0  10.00  28.9
49.0  8.00  28.9
50.0  9.00  28.9
51.0  9.00  28.9
52.0  8.00  28.9
53.0  10.00  28.9
54.0  8.00  28.9
55.0  10.00  28.9
56.0  8.00  28.9
57.0  9.00  28.9
58.0  8.00  28.9
59.0  10.00  28.9
60.0  9.00  28.9
61.0  9.00  28.9
62.0  9.00  28.9
63.0  9.00  28.9
64.0  9.00  28.9
65.0  9.00  28.9
66.0  10.00  28.9
67.0  9.00  28.9
68.0  10.00  28.9
69.0  8.00  28.9
70.0  9.00  28.9
71.0  9.00  28.9
72.0  9.00  28.9
73.0  9.00  28.9
74.0  10.00  28.9
75.0  9.00  28.9
76.0  8.00  28.9
77.0  9.00  28.9
78.0  9.00  28.9
79.0  9.00  28.9
80.0  8.00  28.9
81.0  9.00  29.0
82.0  9.00  29.0
83.0  8.00  29.0
84.0  9.00  29.0
85.0  10.00  29.0
86.0  8.00  29.0
87.0  9.00  29.0
88.0  9.00  29.0
89.0  9.00  29.0
90.0  8.00  29.0
91.0  10.00  29.0
92.0  8.00  29.0
93.0  9.00  29.0
94.0  8.00  29.0
95.0  9.00  29.0
96.0  9.00  29.0
97.0  9.00  29.0
98.0  9.00  29.0
99.0  8.00  29.0
100.0  9.00  29.0
101.0  9.00  29.0
102.0  9.00  29.0
103.0  8.00  29.0
104.0  9.00  29.0
105.0  9.00  29.0
106.0  9.00  29.0
107.0  9.00  29.0
108.0  9.00  29.0
109.0  8.00  29.0
110.0  9.00  29.0
111.0  8.00  29.0
112.0  10.00  29.0
113.0  8.00  29.0
114.0  9.00  29.0
115.0  9.00  29.0
116.0  8.00  29.0
117.0  9.00  29.0
118.0  9.00  29.0
119.0  8.00  29.0
120.0  9.00  29.0
121.0  9.00  29.0
122.0  9.00  29.0
123.0  9.00  29.0
124.0  9.00  29.0
125.0  9.00  29.0
126.0  9.00  29.0
127.0  9.00  29.0
128.0  9.00  29.1
129.0  9.00  29.1
130.0  9.00  29.1
131.0  9.00  29.1
132.0  9.00  29.1
133.0  9.00  29.1
134.0  9.00  29.1
135.0  8.00  29.1
136.0  9.00  29.1
137.0  10.00  29.1
138.0  8.00  29.1
139.0  10.00  29.1
140.0  9.00  29.1
141.0  9.00  29.1
142.0  9.00  29.1
143.0  10.00  29.1
144.0  8.00  29.1
145.0  9.00  29.1
146.0  9.00  29.1
147.0  8.00  29.1
148.0  9.00  29.1
149.0  9.00  29.1
150.0  9.00  29.1
151.0  9.00  29.1
152.0  8.00  29.1
153.0  10.00  29.1
154.0  8.00  29.1
155.0  9.00  29.1
156.0  8.00  29.1
157.0  9.00  29.1
158.0  9.00  29.1
159.0  8.00  29.1
160.0  9.00  29.1
161.0  9.00  29.1
162.0  9.00  29.1
163.0  8.00  29.1
164.0  8.00  29.1
165.0  9.00  29.1
166.0  9.00  29.1
167.0  10.00  29.1
168.0  8.00  29.1
169.0  9.00  29.1
170.0  9.00  29.1
171.0  8.00  29.1
172.0  9.00  29.1
173.0  8.00  29.1
174.0  10.00  29.1
175.0  8.00  29.1
176.0  9.00  29.1
177.0  9.00  29.1
178.0  9.00  29.1
179.0  9.00  29.1
180.0  8.00  29.1
181.0  9.00  29.1
182.0  10.00  29.1
183.0  9.00  29.1
184.0  9.00  29.1
185.0  8.00  29.2
186.0  9.00  29.2
187.0  8.00  29.2
188.0  10.00  29.2
189.0  8.00  29.2
190.0  10.00  29.2
191.0  8.00  29.2
192.0  9.00  29.2
193.0  9.00  29.2
194.0  8.00  29.2
195.0  9.00  29.2
196.0  8.00  29.2
197.0  9.00  29.2
198.0  8.00  29.2
199.0  10.00  29.2
200.1  9.00  29.2
201.1  9.00  29.2
202.1  9.00  29.2
203.1  8.00  29.2
204.1  9.00  29.2
205.1  9.00  29.2
206.1  10.00  29.2
207.1  8.00  29.2
208.1  9.00  29.2
209.1  9.00  29.2
210.1  8.00  29.2
211.1  8.00  29.2
212.1  10.00  29.2
213.1  8.00  29.2
214.1  9.00  29.2
215.1  8.00  29.2
216.1  9.00  29.2
217.1  10.00  29.2
218.1  8.00  29.2
219.1  9.00  29.2
220.1  9.00  29.2
221.1  8.00  29.2
222.1  9.00  29.2
223.1  9.00  29.2
224.1  9.00  29.2
225.1  9.00  29.2
226.1  9.00  29.2
227.1  8.00  29.2
228.1  8.00  29.2
229.1  9.00  29.2
230.1  9.00  29.2
231.1  9.00  29.2
232.1  8.00  29.2
233.1  9.00  29.2
234.1  9.00  29.2
235.1  9.00  29.2
236.1  8.00  29.3
237.1  9.00  29.3
238.1  9.00  29.3
239.1  9.00  29.3
240.1  9.00  29.3
241.1  9.00  29.3
242.1  8.00  29.3
243.1  10.00  29.3
244.1  9.00  29.3
245.1  9.00  29.3
246.1  9.00  29.3
247.1  9.00  29.3
248.1  9.00  29.3
249.1  9.00  29.3
250.1  9.00  29.3
251.1  9.00  29.3
252.1  9.00  29.3
253.1  9.00  29.3
254.1  9.00  29.3
255.1  10.00  29.3
256.1  9.00  29.3
257.1  9.00  29.4
258.1  9.00  29.4
259.1  9.00  29.4
260.1  9.00  29.4
261.1  8.00  29.4
262.1  9.00  29.4
263.1  9.00  29.4
264.1  9.00  29.4
265.1  9.00  29.4
266.1  8.00  29.4
267.1  9.00  29.4
268.1  8.00  29.4
269.1  9.00  29.4
270.1  9.00  29.4
271.1  8.00  29.4
272.1  9.00  29.4
273.1  8.00  29.4
274.1  10.00  29.4
275.1  8.00  29.4
276.1  9.00  29.4
277.1  9.00  29.4
278.1  9.00  29.4
279.1  9.00  29.4
280.1  8.00  29.4
281.1  9.00  29.4
282.1  9.00  29.4
283.1  9.00  29.4
284.1  9.00  29.4
285.1  8.00  29.4
286.1  9.00  29.4
287.1  9.00  29.4
288.1  9.00  29.4
289.1  9.00  29.4
290.1  9.00  29.4
291.1  9.00  29.4
292.1  9.00  29.4
293.1  9.00  29.4
294.1  8.00  29.4
295.1  8.00  29.4
296.1  10.00  29.4
297.1  9.00  29.4
298.1  8.00  29.4
299.1  10.00  29.4
300.1  8.00  29.4
301.1  9.00  29.4
302.1  9.00  29.4
303.1  9.00  29.4
304.1  9.00  29.4
305.1  10.00  29.4
306.1  8.00  29.4
307.1  9.00  29.4
308.1  9.00  29.4
309.1  8.00  29.4
310.1  9.00  29.4
311.1  8.00  29.4
312.1  9.00  29.4
313.1  9.00  29.4
314.1  9.00  29.4
315.1  9.00  29.4
316.1  9.00  29.4
317.1  9.00  29.4
318.1  9.00  29.4
319.1  9.00  29.4
320.1  8.00  29.4
321.1  9.00  29.5
322.1  9.00  29.5
323.1  9.00  29.5
324.1  9.00  29.5
325.1  8.00  29.5
326.1  9.00  29.5
327.1  8.00  29.5
328.1  9.00  29.5
329.1  9.00  29.5
330.1  8.00  29.5
331.1  9.00  29.5
332.1  10.00  29.5
333.1  9.00  29.5
334.1  8.00  29.5
335.1  9.00  29.5
336.1  8.00  29.5
337.1  9.00  29.5
338.1  9.00  29.5
339.1  10.00  29.5
340.1  8.00  29.5
341.1  8.00  29.5
342.1  10.00  29.5
343.1  8.00  29.5
344.1  9.00  29.5
345.1  8.00  29.5
346.1  10.00  29.5
347.1  8.00  29.5
348.1  9.00  29.5
349.1  8.00  29.5
350.1  9.00  29.5
351.1  10.00  29.5
352.1  8.00  29.5
353.1  10.00  29.5
354.1  9.00  29.5
355.1  8.00  29.5
356.1  10.00  29.5
357.1  8.00  29.5
358.1  9.00  29.5
359.1  9.00  29.5
360.1  9.00  29.5
361.1  8.00  29.5
362.1  8.00  29.5
363.1  7.00  28.8
364.1  1.00  28.8

[SUMMARY]
n_samples:    364
cpu_mean_pct: 8.78
cpu_max_pct:  10.00
cpu_min_pct:  1.00
ram_mean_mb:  29.2
ram_max_mb:   29.5
ram_min_mb:   28.5
