# Resource monitor: async_slam_toolbox_node (algorithm=slam_toolbox)
# timestamp_s  cpu_pct  ram_mb
1.0  8.00  32.0
2.0  6.00  32.1
3.0  7.00  32.1
4.0  8.00  32.2
5.0  7.00  32.4
6.0  7.00  32.4
7.0  8.00  32.4
8.0  8.00  32.5
9.0  8.00  32.6
10.0  9.00  32.6
11.0  8.00  32.6
12.0  8.00  32.6
13.0  9.00  33.9
14.0  8.00  33.9
15.0  10.00  34.4
16.0  8.00  34.5
17.0  8.00  34.5
18.0  10.00  34.5
19.0  8.00  34.5
20.0  9.00  34.5
21.0  8.00  34.5
22.0  9.00  34.6
23.0  9.00  34.6
24.0  9.00  34.6
25.0  9.00  34.7
26.0  9.00  34.8
27.0  8.00  34.8
28.0  8.00  34.8
29.0  9.00  34.8
30.0  8.00  34.8
31.0  9.00  34.9
32.0  9.00  34.9
33.0  8.00  34.9
34.0  7.00  34.9
35.0  11.00  34.9
36.0  7.00  34.9
37.0  10.00  34.9
38.0  8.00  34.9
39.0  8.00  34.9
40.0  9.00  34.9
41.0  10.00  35.0
42.0  8.00  35.0
43.0  8.00  35.0
44.0  10.00  35.0
45.0  8.00  35.0
46.0  9.00  35.0
47.0  8.00  35.0
48.0  10.00  35.1
49.0  8.00  35.1
50.0  9.00  35.1
51.0  8.00  35.1
52.0  8.00  35.1
53.0  9.00  35.1
54.0  9.00  35.1
55.0  9.00  35.2
56.0  8.00  35.2
57.0  10.00  35.2
58.0  7.00  35.2
59.0  10.00  35.2
60.0  9.00  35.3
61.0  9.00  35.3
62.0  8.00  35.3
63.0  9.00  35.3
64.0  9.00  35.3
65.0  8.00  35.4
66.0  9.00  35.4
67.0  8.00  35.4
68.0  8.00  35.4
69.0  9.00  35.4
70.0  9.00  35.4
71.0  9.00  35.4
72.0  9.00  35.5
73.0  8.00  35.5
74.0  8.00  35.5
75.0  8.00  35.5
76.0  10.00  35.5
77.0  8.00  35.5
78.0  9.00  35.5
79.0  8.00  35.5
80.0  10.00  35.6
81.0  9.00  35.6
82.0  9.00  35.6
83.0  8.00  35.6
84.0  8.00  35.6
85.0  8.00  35.7
86.0  11.00  35.7
87.0  7.00  35.7
88.0  10.00  35.7
89.0  8.00  35.7
90.0  8.00  35.7
91.0  8.00  35.7
92.0  10.00  35.7
93.0  8.00  35.7
94.0  7.00  35.7
95.0  11.00  35.8
96.0  8.00  35.8
97.0  9.00  35.8
98.0  9.00  35.8
99.0  9.00  35.8
100.0  8.00  35.8
101.0  8.00  35.8
102.0  8.00  35.8
103.0  10.00  35.8
104.0  8.00  35.8
105.0  9.00  35.9
106.0  8.00  35.9
107.0  9.00  35.9
108.0  7.00  35.9
109.0  10.00  35.9
110.0  9.00  35.9
111.0  9.00  35.9
112.0  8.00  35.9
113.0  8.00  35.9
114.0  9.00  36.0
115.0  9.00  36.0
116.0  9.00  36.0
117.0  9.00  36.0
118.0  8.00  36.0
119.0  8.00  36.0
120.0  10.00  36.0
121.0  9.00  36.0
122.0  9.00  36.1
123.0  8.00  36.1
124.0  9.00  36.1
125.0  9.00  36.1
126.0  8.00  36.1
127.0  10.00  36.1
128.0  8.00  36.1
129.0  9.00  36.1
130.0  8.00  36.1
131.0  10.00  36.2
132.0  8.00  36.2
133.0  9.00  36.2
134.0  8.00  36.2
135.0  9.00  36.2
136.0  21.00  37.9
137.0  8.00  37.9
138.0  10.00  38.0
139.0  8.00  38.0
140.0  9.00  38.0
141.0  9.00  38.0
142.0  7.00  38.0
143.0  9.00  38.0
144.0  9.00  38.0
145.0  9.00  38.0
146.0  10.00  38.0
147.0  7.00  38.0
148.0  8.00  38.0
149.0  8.00  38.0
150.0  10.00  38.1
151.0  9.00  38.1
152.0  9.00  38.1
153.0  9.00  38.1
154.0  8.00  38.1
155.0  10.00  38.1
156.0  9.00  38.1
157.0  8.00  38.1
158.0  8.00  38.1
159.0  9.00  38.1
160.0  9.00  38.1
161.0  10.00  38.2
162.0  8.00  38.2
163.0  9.00  38.2
164.0  9.00  38.2
165.0  9.00  38.2
166.0  8.00  38.2
167.0  9.00  38.2
168.0  9.00  38.2
169.0  9.00  38.2
170.0  10.00  38.3
171.0  7.00  38.3
172.0  11.00  38.3
173.0  7.00  38.3
174.0  10.00  38.3
175.0  8.00  38.3
176.0  10.00  38.4
177.0  8.00  38.4
178.0  8.00  38.4
179.0  9.00  38.4
180.0  9.00  38.4
181.0  9.00  38.4
182.0  9.00  38.4
183.0  7.00  38.4
184.0  9.00  38.4
185.0  10.00  38.5
186.0  7.00  38.5
187.0  10.00  38.5
188.0  8.00  38.5
189.0  8.00  38.5
190.0  9.00  38.5
191.0  9.00  38.5
192.0  8.00  38.5
193.0  21.00  42.3
194.0  8.00  42.3
195.1  10.00  42.3
196.1  9.00  42.3
197.1  9.00  42.3
198.1  8.00  42.3
199.1  8.00  42.3
200.1  8.00  42.3
201.1  10.00  42.3
202.1  8.00  42.4
203.1  10.00  42.4
204.1  7.00  42.4
205.1  9.00  42.4
206.1  7.00  42.4
207.1  9.00  42.4
208.1  10.00  42.4
209.1  8.00  42.4
210.1  10.00  42.4
211.1  8.00  42.4
212.1  10.00  42.4
213.1  8.00  42.4
214.1  9.00  42.4
215.1  8.00  42.4
216.1  8.00  42.4
217.1  9.00  42.4
218.1  9.00  42.4
219.1  8.00  42.4
220.1  10.00  42.4
221.1  8.00  42.4
222.1  8.00  42.4
223.1  8.00  42.4
224.1  10.00  42.4
225.1  8.00  42.4
226.1  10.00  42.4
227.1  8.00  42.4
228.1  8.00  42.4
229.1  10.00  42.4
230.1  8.00  42.4
231.1  9.00  42.4
232.1  9.00  42.4
233.1  9.00  42.4
234.1  8.00  42.4
235.1  11.00  42.4
236.1  7.00  42.4
237.1  9.00  42.4
238.1  8.00  42.4
239.1  9.00  42.4
240.1  10.00  42.4
241.1  8.00  42.4
242.1  10.00  42.4
243.1  8.00  42.4
244.1  9.00  42.4
245.1  9.00  42.5
246.1  9.00  42.5
247.1  8.00  42.5
248.1  10.00  42.5
249.1  8.00  42.5
250.1  9.00  42.5
251.1  20.00  43.1
252.1  8.00  43.1
253.1  9.00  43.1
254.1  8.00  43.1
255.1  10.00  43.1
256.1  9.00  43.1
257.1  8.00  43.1
258.1  8.00  43.1
259.1  9.00  43.1
260.1  9.00  43.1
261.1  20.00  43.3
262.1  8.00  43.3
263.1  8.00  43.3
264.1  8.00  43.3
265.1  11.00  43.3
266.1  7.00  43.3
267.1  10.00  43.3
268.1  8.00  43.3
269.1  10.00  43.3
270.1  9.00  43.3
271.1  9.00  43.3
272.1  8.00  43.3
273.1  9.00  43.3
274.1  9.00  43.3
275.1  9.00  43.3
276.1  9.00  43.3
277.1  8.00  43.3
278.1  10.00  43.3
279.1  8.00  43.3
280.1  10.00  43.3
281.1  8.00  43.3
282.1  8.00  43.3
283.1  10.00  43.3
284.1  7.00  43.3
285.1  11.00  43.3
286.1  8.00  43.3
287.1  10.00  43.3
288.1  7.00  43.3
289.1  9.00  43.3
290.1  9.00  43.3
291.1  8.00  43.3
292.1  10.00  43.4
293.1  8.00  43.4
294.1  10.00  43.4
295.1  9.00  43.4
296.1  9.00  43.4
297.1  9.00  43.4
298.1  8.00  43.4
299.1  8.00  43.4
300.1  9.00  43.4
301.1  9.00  43.4
302.1  9.00  43.4
303.1  7.00  43.4
304.1  9.00  43.4
305.1  9.00  43.4
306.1  9.00  43.4
307.1  8.00  43.4
308.1  21.00  43.8
309.1  8.00  43.8
310.1  11.00  43.8
311.1  7.00  43.8
312.1  9.00  43.8
313.1  9.00  43.8
314.1  8.00  43.8
315.1  9.00  43.8
316.1  9.00  43.8
317.1  8.00  43.8
318.1  8.00  43.8
319.1  10.00  43.8
320.1  8.00  43.8
321.1  9.00  43.8
322.1  7.00  43.8
323.1  10.00  43.8
324.1  8.00  43.8
325.1  10.00  43.8
326.1  9.00  43.8
327.1  9.00  43.8
328.1  8.00  43.8
329.1  9.00  43.8
330.1  10.00  43.8
331.1  7.00  43.8
332.1  8.00  43.8
333.1  10.00  43.8
334.1  8.00  43.8
335.1  10.00  43.8
336.1  9.00  43.8
337.1  8.00  43.8
338.1  7.00  43.8
339.1  9.00  43.8
340.1  10.00  43.8
341.1  8.00  43.8
342.1  9.00  43.8
343.1  8.00  43.8
344.1  10.00  43.8
345.1  9.00  43.8
346.1  9.00  43.8
347.1  8.00  43.8
348.1  10.00  43.8
349.1  8.00  43.8
350.1  10.00  43.8
351.1  9.00  43.8
352.1  10.00  43.8
353.1  7.00  43.8
354.1  8.00  43.8
355.1  10.00  43.8
356.1  8.00  43.8
357.1  9.00  43.8
358.1  9.00  43.8
359.1  8.00  43.8
360.1  8.00  43.8
361.1  8.00  43.8
362.1  4.00  0.0

[SUMMARY]
n_samples:    362
cpu_mean_pct: 8.83
cpu_max_pct:  21.00
cpu_min_pct:  4.00
ram_mean_mb:  39.3
ram_max_mb:   43.8
ram_min_mb:   0.0
