# Resource monitor: async_slam_toolbox_node (algorithm=slam_toolbox)
# timestamp_s  cpu_pct  ram_mb
1.0  7.00  31.9
2.0  7.00  31.9
3.0  8.00  32.0
4.0  7.00  32.1
5.0  6.00  32.3
6.0  8.00  32.3
7.0  9.00  32.3
8.0  7.00  32.5
9.0  9.00  32.5
10.0  8.00  32.5
11.0  8.00  32.5
12.0  8.00  32.6
13.0  9.00  33.8
14.0  9.00  33.8
15.0  9.00  34.3
16.0  8.00  34.3
17.0  8.00  34.3
18.0  9.00  34.4
19.0  8.00  34.4
20.0  10.00  34.4
21.0  8.00  34.4
22.0  10.00  34.5
23.0  7.00  34.5
24.0  9.00  34.5
25.0  9.00  34.6
26.0  9.00  34.7
27.0  8.00  34.7
28.0  8.00  34.7
29.0  10.00  34.7
30.0  8.00  34.7
31.0  9.00  34.8
32.0  8.00  34.8
33.0  9.00  34.8
34.0  7.00  34.8
35.0  10.00  34.8
36.0  8.00  34.8
37.0  10.00  34.8
38.0  8.00  34.8
39.0  9.00  34.8
40.0  8.00  34.9
41.0  10.00  34.9
42.0  8.00  34.9
43.0  8.00  34.9
44.0  9.00  34.9
45.0  8.00  34.9
46.0  10.00  34.9
47.0  8.00  34.9
48.0  10.00  35.0
49.0  7.00  35.0
50.0  10.00  35.0
51.0  8.00  35.0
52.0  8.00  35.0
53.0  10.00  35.0
54.0  8.00  35.0
55.0  10.00  35.1
56.0  8.00  35.1
57.0  8.00  35.1
58.0  9.00  35.1
59.0  9.00  35.1
60.0  9.00  35.2
61.0  9.00  35.2
62.0  8.00  35.2
63.0  8.00  35.2
64.0  9.00  35.3
65.0  9.00  35.3
66.0  9.00  35.3
67.0  8.00  35.3
68.0  9.00  35.3
69.0  7.00  35.3
70.0  10.00  35.5
71.0  8.00  35.5
72.0  10.00  35.5
73.0  8.00  35.5
74.0  8.00  35.5
75.0  9.00  35.5
76.0  9.00  35.5
77.0  8.00  35.5
78.0  9.00  35.5
79.0  8.00  35.5
80.0  10.00  35.6
81.0  8.00  35.6
82.0  9.00  35.6
83.0  9.00  35.6
84.0  8.00  35.6
85.0  8.00  35.6
86.0  9.00  35.6
87.0  8.00  35.6
88.0  10.00  35.7
89.0  8.00  35.7
90.0  8.00  35.7
91.0  8.00  35.7
92.0  10.00  35.7
93.0  8.00  35.7
94.0  8.00  35.7
95.0  10.00  35.7
96.0  7.00  35.7
97.0  11.00  35.7
98.0  7.00  35.7
99.0  9.00  35.8
100.0  10.00  35.8
101.0  7.00  35.8
102.0  8.00  35.8
103.0  9.00  35.8
104.0  9.00  35.8
105.0  9.00  35.8
106.0  9.00  35.8
107.0  8.00  35.8
108.0  7.00  35.8
109.0  11.00  35.8
110.0  7.00  35.8
111.0  10.00  35.9
112.0  8.00  35.9
113.0  8.00  35.9
114.0  10.00  35.9
115.0  8.00  35.9
116.0  10.00  35.9
117.0  7.00  35.9
118.0  10.00  36.0
119.0  8.00  36.0
120.0  10.00  36.0
121.0  8.00  36.0
122.0  9.00  36.0
123.0  8.00  36.0
124.0  10.00  36.0
125.0  8.00  36.0
126.0  9.00  36.0
127.0  9.00  36.1
128.0  7.00  36.1
129.0  10.00  36.1
130.0  8.00  36.1
131.0  10.00  36.1
132.0  9.00  36.1
133.0  9.00  36.1
134.0  8.00  36.1
135.0  9.00  36.1
136.0  20.00  37.9
137.0  9.00  37.9
138.0  9.00  38.0
139.0  8.00  38.0
140.0  11.00  38.0
141.0  7.00  38.0
142.0  9.00  38.0
143.0  8.00  38.0
144.0  10.00  38.0
145.0  8.00  38.0
146.0  20.00  41.8
147.0  8.00  41.8
148.0  9.00  41.8
149.0  7.00  41.8
150.0  11.00  41.8
151.0  8.00  41.8
152.0  9.00  41.9
153.0  8.00  41.9
154.0  10.00  41.9
155.0  9.00  41.9
156.0  9.00  41.9
157.0  8.00  41.9
158.0  9.00  41.9
159.0  8.00  41.9
160.0  9.00  41.9
161.0  10.00  41.9
162.0  8.00  41.9
163.0  9.00  41.9
164.0  8.00  41.9
165.0  11.00  41.9
166.0  7.00  41.9
167.0  8.00  41.9
168.0  9.00  41.9
169.0  9.00  41.9
170.0  10.00  41.9
171.0  8.00  41.9
172.0  9.00  41.9
173.0  8.00  41.9
174.0  8.00  41.9
175.0  10.00  41.9
176.0  8.00  41.9
177.0  10.00  41.9
178.0  7.00  41.9
179.0  10.00  41.9
180.0  9.00  41.9
181.0  9.00  41.9
182.0  8.00  41.9
183.0  8.00  41.9
184.0  9.00  41.9
185.0  9.00  41.9
186.0  8.00  41.9
187.0  10.00  41.9
188.0  7.00  41.9
189.0  9.00  41.9
190.0  9.00  41.9
191.0  9.00  41.9
192.0  8.00  41.9
193.0  10.00  41.9
194.0  8.00  41.9
195.0  21.00  42.4
196.1  7.00  42.4
197.1  10.00  42.4
198.1  8.00  42.4
199.1  8.00  42.4
200.1  8.00  42.4
201.1  10.00  42.4
202.1  8.00  42.4
203.1  9.00  42.4
204.1  8.00  42.4
205.1  9.00  42.4
206.1  8.00  42.4
207.1  8.00  42.4
208.1  10.00  42.4
209.1  8.00  42.4
210.1  11.00  42.4
211.1  8.00  42.4
212.1  9.00  42.4
213.1  8.00  42.4
214.1  10.00  42.4
215.1  8.00  42.4
216.1  8.00  42.4
217.1  8.00  42.4
218.1  10.00  42.4
219.1  8.00  42.4
220.1  10.00  42.4
221.1  8.00  42.4
222.1  8.00  42.4
223.1  8.00  42.4
224.1  10.00  42.4
225.1  8.00  42.4
226.1  9.00  42.4
227.1  9.00  42.4
228.1  7.00  42.5
229.1  11.00  42.5
230.1  8.00  42.5
231.1  9.00  42.5
232.1  9.00  42.5
233.1  9.00  42.5
234.1  8.00  42.5
235.1  10.00  42.5
236.1  9.00  42.5
237.1  9.00  42.5
238.1  8.00  42.5
239.1  8.00  42.5
240.1  11.00  42.5
241.1  8.00  42.5
242.1  9.00  42.5
243.1  8.00  42.5
244.1  9.00  42.5
245.1  9.00  42.5
246.1  9.00  42.5
247.1  9.00  42.5
248.1  7.00  42.5
249.1  10.00  42.5
250.1  9.00  42.5
251.1  20.00  43.0
252.1  9.00  43.0
253.1  10.00  43.0
254.1  8.00  43.0
255.1  9.00  43.0
256.1  9.00  43.0
257.1  8.00  43.0
258.1  8.00  43.0
259.1  9.00  43.0
260.1  9.00  43.0
261.1  10.00  43.0
262.1  8.00  43.0
263.1  8.00  43.0
264.1  8.00  43.0
265.1  10.00  43.0
266.1  8.00  43.0
267.1  9.00  43.0
268.1  8.00  43.0
269.1  10.00  43.0
270.1  9.00  43.0
271.1  8.00  43.0
272.1  10.00  43.0
273.1  8.00  43.1
274.1  9.00  43.1
275.1  10.00  43.1
276.1  10.00  43.1
277.1  7.00  43.1
278.1  10.00  43.1
279.1  8.00  43.1
280.1  9.00  43.1
281.1  9.00  43.1
282.1  8.00  43.1
283.1  9.00  43.1
284.1  9.00  43.1
285.1  10.00  43.1
286.1  8.00  43.1
287.1  9.00  43.1
288.1  8.00  43.1
289.1  8.00  43.1
290.1  11.00  43.1
291.1  9.00  43.1
292.1  8.00  43.1
293.1  8.00  43.1
294.1  11.00  43.1
295.1  8.00  43.1
296.1  10.00  43.1
297.1  8.00  43.1
298.1  8.00  43.1
299.1  9.00  43.1
300.1  10.00  43.1
301.1  8.00  43.1
302.1  9.00  43.1
303.1  8.00  43.1
304.1  8.00  43.1
305.1  9.00  43.1
306.1  10.00  43.1
307.1  8.00  43.1
308.1  20.00  43.7
309.1  8.00  43.7
310.1  11.00  43.7
311.1  7.00  43.7
312.1  9.00  43.7
313.1  9.00  43.7
314.1  8.00  43.7
315.1  9.00  43.7
316.1  8.00  43.7
317.1  10.00  43.7
318.1  8.00  43.7
319.1  9.00  43.7
320.1  10.00  43.7
321.1  8.00  43.7
322.1  8.00  43.7
323.1  9.00  43.7
324.1  8.00  43.7
325.1  11.00  43.7
326.1  7.00  43.7
327.1  10.00  43.7
328.1  8.00  43.7
329.1  10.00  43.7
330.1  9.00  43.7
331.1  7.00  43.7
332.1  9.00  43.7
333.1  9.00  43.7
334.1  8.00  43.7
335.1  9.00  43.7
336.1  10.00  43.7
337.1  8.00  43.7
338.1  8.00  43.7
339.1  7.00  43.7
340.1  11.00  43.7
341.1  8.00  43.7
342.1  10.00  43.7
343.1  8.00  43.7
344.1  10.00  43.7
345.1  9.00  43.7
346.1  9.00  43.8
347.1  8.00  43.8
348.1  9.00  43.8
349.1  9.00  43.8
350.1  10.00  43.8
351.1  8.00  43.8
352.1  8.00  43.8
353.1  9.00  43.8
354.1  9.00  43.8
355.1  10.00  43.8
356.1  8.00  43.8
357.1  9.00  43.8
358.1  8.00  43.8
359.1  8.00  43.8
360.1  9.00  43.8
361.1  8.00  43.8
362.1  6.00  0.0

[SUMMARY]
n_samples:    362
cpu_mean_pct: 8.85
cpu_max_pct:  21.00
cpu_min_pct:  6.00
ram_mean_mb:  39.7
ram_max_mb:   43.8
ram_min_mb:   0.0
