# Resource monitor: async_slam_toolbox_node (algorithm=slam_toolbox)
# timestamp_s  cpu_pct  ram_mb
1.0  7.00  32.3
2.0  8.00  32.3
3.0  8.00  32.4
4.0  7.00  32.5
5.0  8.00  32.7
6.0  9.00  32.8
7.0  8.00  32.8
8.0  9.00  32.9
9.0  8.00  32.9
10.0  8.00  33.0
11.0  10.00  33.0
12.0  9.00  33.0
13.0  9.00  34.2
14.0  10.00  34.3
15.0  8.00  34.4
16.0  10.00  34.9
17.0  9.00  34.9
18.0  10.00  35.0
19.0  9.00  35.0
20.0  9.00  35.0
21.0  10.00  35.0
22.0  8.00  35.0
23.0  10.00  35.1
24.0  9.00  35.1
25.0  10.00  35.1
26.0  9.00  35.1
27.0  9.00  35.1
28.0  9.00  35.1
29.0  10.00  35.1
30.0  8.00  35.1
31.0  10.00  35.1
32.0  9.00  35.1
33.0  10.00  35.2
34.0  9.00  35.2
35.0  9.00  35.2
36.0  8.00  35.2
37.0  10.00  35.2
38.0  9.00  35.2
39.0  9.00  35.2
40.0  10.00  35.2
41.0  9.00  35.2
42.0  10.00  35.3
43.0  9.00  35.3
44.0  8.00  35.3
45.0  10.00  35.3
46.0  9.00  35.3
47.0  9.00  35.3
48.0  10.00  35.3
49.0  9.00  35.3
50.0  10.00  35.3
51.0  8.00  35.3
52.0  9.00  35.3
53.0  9.00  35.3
54.0  10.00  35.4
55.0  8.00  35.4
56.0  22.00  36.4
57.0  10.00  36.4
58.0  10.00  36.5
59.0  9.00  36.5
60.0  10.00  36.6
61.0  9.00  36.6
62.0  9.00  36.6
63.0  9.00  36.6
64.0  10.00  36.6
65.0  10.00  36.7
66.0  8.00  36.7
67.0  11.00  36.7
68.0  7.00  36.7
69.0  12.00  36.7
70.0  8.00  36.7
71.0  8.00  36.7
72.0  11.00  36.8
73.0  8.00  36.8
74.0  10.00  36.8
75.0  9.00  36.8
76.0  9.00  36.8
77.0  10.00  36.8
78.0  8.00  36.8
79.0  11.00  36.8
80.0  8.00  36.8
81.0  11.00  36.9
82.0  8.00  36.9
83.0  10.00  36.9
84.0  9.00  36.9
85.0  9.00  36.9
86.0  10.00  36.9
87.0  9.00  36.9
88.0  9.00  36.9
89.0  10.00  36.9
90.0  9.00  37.0
91.0  9.00  37.0
92.0  10.00  37.0
93.0  8.00  37.0
94.0  10.00  37.0
95.0  10.00  37.0
96.0  8.00  37.0
97.0  11.00  37.1
98.0  8.00  37.1
99.0  10.00  37.1
100.0  9.00  37.1
101.0  10.00  37.1
102.0  9.00  37.1
103.0  8.00  37.1
104.0  11.00  37.2
105.0  9.00  37.2
106.0  11.00  37.2
107.0  8.00  37.2
108.0  10.00  37.2
109.0  8.00  37.2
110.0  11.00  37.3
111.0  9.00  37.3
112.0  10.00  37.3
113.0  8.00  37.3
114.0  9.00  37.3
115.0  11.00  37.4
116.0  8.00  37.4
117.0  10.00  37.4
118.0  9.00  37.4
119.0  10.00  37.4
120.0  9.00  37.4
121.0  11.00  37.5
122.0  8.00  37.5
123.0  10.00  37.5
124.0  10.00  37.5
125.0  9.00  37.5
126.0  10.00  37.5
127.0  8.00  37.5
128.0  11.00  37.5
129.0  9.00  37.6
130.0  10.00  37.6
131.0  8.00  37.6
132.0  9.00  37.6
133.0  11.00  37.6
134.0  8.00  37.6
135.0  11.00  37.6
136.0  9.00  37.6
137.0  10.00  37.7
138.0  9.00  37.7
139.0  10.00  37.7
140.0  9.00  37.7
141.0  8.00  37.7
142.0  11.00  37.7
143.0  9.00  37.7
144.0  10.00  37.7
145.0  9.00  37.7
146.0  11.00  37.8
147.0  8.00  37.8
148.0  9.00  37.8
149.0  11.00  37.8
150.0  8.00  37.8
151.0  11.00  37.8
152.0  8.00  37.8
153.0  22.00  42.3
154.0  8.00  42.3
155.0  9.00  42.3
156.0  10.00  42.3
157.0  10.00  42.3
158.0  10.00  42.3
159.0  8.00  42.3
160.0  12.00  42.3
161.0  8.00  42.3
162.0  9.00  42.3
163.0  10.00  42.3
164.0  8.00  42.3
165.0  22.00  42.4
166.0  10.00  42.4
167.0  8.00  42.4
168.0  9.00  42.4
169.0  10.00  42.4
170.0  9.00  42.4
171.0  10.00  42.4
172.0  9.00  42.5
173.0  9.00  42.5
174.0  10.00  42.5
175.0  9.00  42.5
176.0  11.00  42.5
177.0  8.00  42.5
178.0  10.00  42.5
179.0  9.00  42.5
180.0  10.00  42.5
181.0  9.00  42.5
182.0  10.00  42.5
183.0  9.00  42.5
184.0  10.00  42.5
185.0  9.00  42.5
186.0  10.00  42.5
187.0  9.00  42.5
188.1  9.00  42.5
189.1  8.00  42.5
190.1  11.00  42.5
191.1  9.00  42.5
192.1  9.00  42.5
193.1  10.00  42.5
194.1  10.00  42.5
195.1  9.00  42.5
196.1  9.00  42.5
197.1  8.00  42.5
198.1  11.00  42.5
199.1  8.00  42.5
200.1  12.00  42.5
201.1  8.00  42.5
202.1  10.00  42.5
203.1  9.00  42.5
204.1  9.00  42.5
205.1  10.00  42.5
206.1  9.00  42.5
207.1  9.00  42.5
208.1  22.00  42.8
209.1  9.00  42.8
210.1  10.00  42.9
211.1  9.00  42.9
212.1  10.00  42.9
213.1  9.00  42.9
214.1  8.00  42.9
215.1  24.00  43.0
216.1  8.00  43.0
217.1  10.00  43.0
218.1  9.00  43.0
219.1  11.00  43.0
220.1  9.00  43.1
221.1  9.00  43.1
222.1  10.00  43.1
223.1  8.00  43.1
224.1  11.00  43.1
225.1  8.00  43.1
226.1  9.00  43.1
227.1  10.00  43.1
228.1  9.00  43.1
229.1  10.00  43.1
230.1  10.00  43.1
231.1  10.00  43.1
232.1  9.00  43.1
233.1  10.00  43.1
234.1  9.00  43.1
235.1  9.00  43.1
236.1  11.00  43.1
237.1  8.00  43.1
238.1  11.00  43.1
239.1  8.00  43.1
240.1  10.00  43.1
241.1  10.00  43.1
242.1  10.00  43.1
243.1  8.00  43.1
244.1  11.00  43.1
245.1  8.00  43.1
246.1  10.00  43.1
247.1  10.00  43.1
248.1  9.00  43.1
249.1  10.00  43.1
250.1  9.00  43.1
251.1  10.00  43.1
252.1  9.00  43.1
253.1  8.00  43.1
254.1  11.00  43.1
255.1  9.00  43.1
256.1  10.00  43.1
257.1  9.00  43.1
258.1  11.00  43.1
259.1  7.00  43.1
260.1  12.00  43.1
261.1  9.00  43.1
262.1  7.00  43.1
263.1  11.00  43.1
264.1  9.00  43.1
265.1  11.00  43.1
266.1  8.00  43.1
267.1  11.00  43.1
268.1  9.00  43.1
269.1  9.00  43.1
270.1  10.00  43.1
271.1  8.00  43.1
272.1  11.00  43.1
273.1  8.00  43.1
274.1  10.00  43.1
275.1  10.00  43.1
276.1  10.00  43.1
277.1  9.00  43.1
278.1  10.00  43.1
279.1  9.00  43.1
280.1  9.00  43.1
281.1  10.00  43.2
282.1  9.00  43.2
283.1  10.00  43.2
284.1  9.00  43.2
285.1  11.00  43.2
286.1  8.00  43.2
287.1  10.00  43.2
288.1  9.00  43.2
289.1  8.00  43.2
290.1  11.00  43.2
291.1  9.00  43.2
292.1  10.00  43.2
293.1  9.00  43.2
294.1  21.00  43.9
295.1  9.00  43.9
296.1  11.00  43.9
297.1  9.00  44.0
298.1  10.00  44.0
299.1  8.00  44.0
300.1  10.00  44.0
301.1  10.00  44.0
302.1  9.00  44.0
303.1  10.00  44.0
304.1  9.00  44.0
305.1  9.00  44.0
306.1  11.00  44.0
307.1  9.00  44.0
308.1  9.00  44.0
309.1  9.00  44.0
310.1  12.00  44.0
311.1  8.00  44.0
312.1  9.00  44.0
313.1  22.00  44.2
314.1  9.00  44.2
315.1  11.00  44.2
316.1  9.00  44.2
317.1  8.00  44.2
318.1  10.00  44.2
319.1  9.00  44.2
320.1  10.00  44.2
321.1  11.00  44.2
322.1  8.00  44.2
323.1  9.00  44.2
324.1  10.00  44.2
325.1  9.00  44.2
326.1  11.00  44.2
327.1  8.00  44.2
328.1  10.00  44.2
329.1  9.00  44.2
330.1  11.00  44.2
331.1  9.00  44.2
332.1  9.00  44.2
333.1  9.00  44.2
334.1  9.00  44.2
335.1  10.00  44.2
336.1  11.00  44.2
337.1  8.00  44.2
338.1  11.00  44.2
339.1  8.00  44.2
340.1  10.00  44.2
341.1  9.00  44.2
342.1  10.00  44.2
343.1  9.00  44.2
344.1  10.00  44.2
345.1  10.00  44.2
346.1  9.00  44.2
347.1  9.00  44.2
348.1  10.00  44.2
349.1  8.00  44.2
350.1  11.00  44.2
351.1  9.00  44.2
352.1  10.00  44.2
353.1  9.00  44.2
354.1  8.00  44.2
355.1  12.00  44.2
356.1  9.00  44.2
357.1  9.00  44.2
358.1  10.00  44.2
359.1  8.00  44.2
360.1  10.00  44.3
361.1  22.00  44.6
362.1  9.00  44.6
363.1  10.00  44.6
364.1  9.00  44.6
365.1  11.00  44.6
366.1  9.00  44.6
367.1  22.00  44.9
368.1  8.00  44.9
369.1  11.00  44.9
370.1  10.00  44.9
371.1  8.00  44.9
372.1  10.00  44.9
373.1  9.00  44.9
374.1  11.00  44.9
375.1  9.00  44.9
376.1  10.00  44.9
377.1  9.00  44.9
378.1  9.00  44.9
379.1  9.00  44.9
380.1  10.00  44.9
381.1  10.00  44.9
382.1  9.00  44.9
383.1  9.00  44.9
384.1  10.00  44.9
385.1  10.00  44.9
386.1  10.00  44.9
387.1  9.00  44.9
388.1  10.00  44.9
389.1  9.00  44.9
390.1  11.00  44.9
391.1  9.00  44.9
392.1  9.00  44.9
393.1  10.00  44.9
394.1  8.00  44.9
395.1  11.00  44.9
396.1  8.00  44.9
397.1  11.00  44.9
398.1  9.00  44.9
399.1  10.00  44.9
400.1  9.00  44.9
401.1  9.00  44.9
402.1  11.00  44.9
403.1  8.00  44.9
404.1  11.00  44.9
405.1  10.00  44.9
406.1  10.00  44.9
407.1  8.00  44.9
408.1  11.00  44.9
409.1  9.00  44.9
410.1  9.00  44.9
411.1  11.00  44.9
412.1  8.00  45.0
413.1  11.00  45.0
414.1  9.00  45.0
415.1  10.00  45.0
416.1  10.00  45.0
417.1  9.00  45.0
418.1  10.00  45.0
419.1  8.00  45.0
420.1  12.00  45.0
421.1  8.00  45.0
422.1  10.00  45.0
423.1  9.00  45.0
424.1  10.00  45.0
425.1  10.00  45.0
426.1  10.00  45.0
427.1  9.00  45.0
428.1  9.00  45.0
429.1  10.00  45.0
430.1  11.00  45.0
431.1  9.00  45.0
432.1  9.00  45.0
433.1  10.00  45.0
434.1  8.00  45.0
435.1  12.00  45.0
436.1  8.00  45.0
437.1  11.00  45.0
438.1  8.00  45.0
439.1  8.00  45.0
440.1  12.00  45.0
441.1  9.00  45.0
442.1  10.00  45.0
443.1  9.00  45.0
444.1  9.00  45.0
445.1  11.00  45.0
446.1  21.00  45.7
447.1  9.00  45.7
448.1  9.00  45.7
449.1  10.00  45.7
450.1  10.00  45.7
451.1  10.00  45.7
452.1  9.00  45.7
453.1  9.00  45.7
454.1  10.00  45.7
455.1  10.00  45.7
456.1  10.00  45.7
457.1  9.00  45.7
458.1  10.00  45.7
459.1  9.00  45.7
460.1  10.00  44.8
461.1  10.00  44.8
462.1  9.00  44.8
463.1  11.00  44.8
464.1  8.00  44.8
465.1  24.00  45.2
466.1  9.00  45.2
467.1  10.00  45.2
468.1  9.00  45.2
469.1  9.00  45.2
470.1  10.00  45.2
471.1  9.00  45.2
472.1  8.00  45.2
473.1  9.00  45.2
474.1  3.00  0.0

[SUMMARY]
n_samples:    474
cpu_mean_pct: 9.68
cpu_max_pct:  24.00
cpu_min_pct:  3.00
ram_mean_mb:  41.3
ram_max_mb:   45.7
ram_min_mb:   0.0
