# Resource monitor: async_slam_toolbox_node (algorithm=slam_toolbox)
# timestamp_s  cpu_pct  ram_mb
1.0  7.00  32.1
2.0  8.00  32.1
3.0  7.00  32.2
4.0  6.00  32.3
5.0  9.00  32.5
6.0  7.00  32.5
7.0  8.00  32.5
8.0  8.00  32.7
9.0  8.00  32.7
10.0  9.00  32.7
11.0  7.00  32.7
12.0  9.00  32.8
13.0  9.00  34.0
14.0  9.00  34.0
15.0  9.00  34.5
16.0  8.00  34.6
17.0  8.00  34.6
18.0  10.00  34.6
19.0  9.00  34.6
20.0  8.00  34.7
21.0  9.00  34.7
22.0  9.00  34.7
23.0  9.00  34.7
24.0  9.00  34.7
25.0  8.00  34.8
26.0  10.00  34.9
27.0  8.00  34.9
28.0  8.00  34.9
29.0  10.00  34.9
30.0  8.00  34.9
31.0  9.00  35.0
32.0  8.00  35.0
33.0  9.00  35.0
34.0  7.00  35.0
35.0  11.00  35.0
36.0  7.00  35.0
37.0  9.00  35.0
38.0  9.00  35.0
39.0  9.00  35.0
40.0  9.00  35.0
41.0  9.00  35.1
42.0  9.00  35.1
43.0  7.00  35.1
44.0  9.00  35.1
45.0  9.00  35.2
46.0  10.00  35.2
47.0  8.00  35.2
48.0  9.00  35.2
49.0  9.00  35.2
50.0  10.00  35.2
51.0  8.00  35.2
52.0  8.00  35.2
53.0  9.00  35.3
54.0  9.00  35.3
55.0  9.00  35.3
56.0  9.00  35.3
57.0  9.00  35.3
58.0  8.00  35.3
59.0  9.00  35.4
60.0  9.00  35.4
61.0  9.00  35.4
62.0  8.00  35.4
63.0  9.00  35.4
64.0  9.00  35.5
65.0  8.00  35.5
66.0  10.00  35.6
67.0  8.00  35.6
68.0  8.00  35.6
69.0  9.00  35.6
70.0  8.00  35.7
71.0  9.00  35.7
72.0  10.00  35.7
73.0  7.00  35.7
74.0  9.00  35.7
75.0  8.00  35.7
76.0  9.00  35.8
77.0  8.00  35.8
78.0  10.00  35.8
79.0  8.00  35.8
80.0  10.00  35.8
81.0  8.00  35.8
82.0  9.00  35.8
83.0  9.00  35.8
84.0  8.00  35.8
85.0  8.00  35.9
86.0  10.00  35.9
87.0  8.00  35.9
88.0  10.00  35.9
89.0  8.00  35.9
90.0  8.00  35.9
91.0  8.00  35.9
92.0  9.00  36.0
93.0  8.00  36.0
94.0  9.00  36.0
95.0  10.00  36.0
96.0  7.00  36.0
97.0  11.00  36.0
98.0  7.00  36.0
99.0  9.00  36.0
100.0  9.00  36.1
101.0  8.00  36.1
102.0  9.00  36.1
103.0  9.00  36.1
104.0  8.00  36.1
105.0  11.00  36.1
106.0  7.00  36.1
107.0  9.00  36.1
108.0  7.00  36.1
109.0  10.00  36.1
110.0  9.00  36.1
111.0  9.00  36.2
112.0  8.00  36.2
113.0  9.00  36.2
114.0  9.00  36.2
115.0  8.00  36.2
116.0  10.00  36.2
117.0  8.00  36.2
118.0  9.00  36.2
119.0  9.00  36.2
120.0  9.00  36.3
121.0  8.00  36.3
122.0  10.00  36.3
123.0  8.00  36.3
124.0  10.00  36.3
125.0  8.00  36.3
126.0  9.00  36.3
127.0  9.00  36.4
128.0  8.00  36.4
129.0  10.00  36.4
130.0  9.00  36.4
131.0  9.00  36.4
132.0  8.00  36.4
133.0  9.00  36.4
134.0  8.00  36.4
135.0  21.00  36.5
136.0  8.00  36.5
137.0  7.00  36.5
138.0  23.00  41.9
139.0  8.00  41.9
140.0  10.00  41.9
141.0  8.00  41.9
142.0  8.00  41.9
143.0  8.00  41.9
144.0  9.00  41.9
145.0  9.00  41.9
146.0  10.00  41.9
147.0  8.00  41.9
148.0  8.00  41.9
149.0  8.00  41.9
150.0  10.00  41.9
151.0  8.00  41.9
152.0  10.00  41.9
153.0  8.00  41.9
154.0  9.00  41.9
155.0  9.00  41.9
156.0  9.00  41.9
157.0  9.00  41.9
158.0  8.00  41.9
159.0  10.00  41.9
160.0  8.00  42.0
161.0  10.00  42.0
162.0  8.00  42.0
163.0  10.00  42.0
164.0  8.00  42.0
165.0  10.00  42.0
166.0  8.00  42.0
167.0  8.00  42.0
168.0  9.00  42.0
169.0  8.00  42.0
170.0  11.00  42.0
171.0  8.00  42.0
172.0  10.00  42.0
173.0  8.00  42.0
174.0  9.00  42.0
175.0  9.00  42.0
176.0  8.00  42.0
177.0  10.00  42.0
178.0  7.00  42.0
179.0  10.00  42.0
180.0  8.00  42.0
181.0  10.00  42.0
182.0  9.00  42.0
183.0  8.00  42.0
184.0  8.00  42.0
185.0  10.00  42.0
186.0  8.00  42.0
187.0  10.00  42.0
188.0  8.00  42.0
189.0  7.00  42.0
190.0  9.00  42.0
191.0  10.00  42.0
192.0  8.00  42.0
193.0  10.00  42.0
194.1  8.00  42.0
195.1  21.00  42.6
196.1  8.00  42.6
197.1  10.00  42.6
198.1  8.00  42.6
199.1  8.00  42.6
200.1  9.00  42.6
201.1  9.00  42.6
202.1  9.00  42.6
203.1  10.00  42.6
204.1  7.00  42.6
205.1  9.00  42.6
206.1  8.00  42.6
207.1  10.00  42.6
208.1  8.00  42.7
209.1  8.00  42.7
210.1  10.00  42.7
211.1  9.00  42.7
212.1  9.00  42.7
213.1  8.00  42.7
214.1  10.00  42.7
215.1  8.00  42.7
216.1  9.00  42.7
217.1  8.00  42.7
218.1  9.00  42.7
219.1  8.00  42.7
220.1  10.00  42.7
221.1  9.00  42.7
222.1  8.00  42.7
223.1  8.00  42.7
224.1  10.00  42.7
225.1  8.00  42.7
226.1  10.00  42.7
227.1  8.00  42.7
228.1  8.00  42.7
229.1  10.00  42.7
230.1  8.00  42.7
231.1  10.00  42.7
232.1  8.00  42.7
233.1  9.00  42.7
234.1  9.00  42.7
235.1  10.00  42.7
236.1  8.00  42.7
237.1  10.00  42.7
238.1  8.00  42.7
239.1  9.00  42.7
240.1  10.00  42.7
241.1  7.00  42.7
242.1  10.00  42.7
243.1  9.00  42.7
244.1  9.00  42.7
245.1  9.00  42.7
246.1  9.00  42.7
247.1  9.00  42.7
248.1  9.00  42.7
249.1  8.00  42.7
250.1  9.00  42.7
251.1  20.00  43.3
252.1  9.00  43.3
253.1  10.00  43.3
254.1  8.00  43.3
255.1  9.00  43.3
256.1  9.00  43.3
257.1  8.00  43.3
258.1  8.00  43.3
259.1  10.00  43.3
260.1  9.00  43.3
261.1  9.00  43.3
262.1  8.00  43.3
263.1  8.00  43.3
264.1  9.00  43.3
265.1  10.00  43.3
266.1  8.00  43.3
267.1  9.00  43.3
268.1  8.00  43.3
269.1  10.00  43.3
270.1  9.00  43.3
271.1  22.00  43.5
272.1  7.00  43.5
273.1  9.00  43.5
274.1  9.00  43.5
275.1  10.00  43.5
276.1  8.00  43.5
277.1  9.00  43.5
278.1  9.00  43.5
279.1  8.00  43.5
280.1  12.00  43.5
281.1  7.00  43.5
282.1  8.00  43.5
283.1  10.00  43.5
284.1  8.00  43.6
285.1  10.00  43.6
286.1  8.00  43.6
287.1  10.00  43.6
288.1  9.00  43.6
289.1  9.00  43.6
290.1  9.00  43.6
291.1  8.00  43.6
292.1  10.00  43.6
293.1  8.00  43.6
294.1  10.00  43.6
295.1  9.00  43.6
296.1  8.00  43.6
297.1  9.00  43.6
298.1  8.00  43.6
299.1  8.00  43.6
300.1  10.00  43.6
301.1  9.00  43.6
302.1  9.00  43.6
303.1  9.00  43.6
304.1  7.00  43.6
305.1  9.00  43.6
306.1  10.00  43.6
307.1  9.00  43.6
308.1  20.00  44.0
309.1  8.00  44.0
310.1  11.00  44.0
311.1  8.00  44.0
312.1  10.00  44.0
313.1  8.00  44.0
314.1  8.00  44.0
315.1  8.00  44.0
316.1  11.00  44.0
317.1  7.00  44.0
318.1  9.00  44.0
319.1  9.00  44.0
320.1  9.00  44.0
321.1  9.00  44.0
322.1  8.00  44.0
323.1  9.00  44.0
324.1  8.00  44.0
325.1  11.00  44.0
326.1  8.00  44.0
327.1  9.00  44.0
328.1  8.00  44.0
329.1  11.00  44.0
330.1  8.00  44.0
331.1  9.00  44.0
332.1  7.00  44.0
333.1  9.00  44.0
334.1  9.00  44.0
335.1  10.00  44.0
336.1  9.00  44.0
337.1  8.00  44.0
338.1  8.00  44.0
339.1  10.00  44.0
340.1  9.00  44.0
341.1  9.00  44.0
342.1  8.00  44.0
343.1  8.00  44.0
344.1  9.00  44.0
345.1  10.00  44.0
346.1  9.00  44.0
347.1  9.00  44.0
348.1  9.00  44.0
349.1  8.00  44.0
350.1  11.00  44.0
351.1  8.00  44.0
352.1  10.00  44.0
353.1  8.00  44.0
354.1  7.00  44.0
355.1  11.00  44.0
356.1  8.00  44.0
357.1  9.00  44.0
358.1  8.00  44.0
359.1  8.00  44.0
360.1  9.00  44.0
361.1  9.00  44.0
362.1  2.00  0.0

[SUMMARY]
n_samples:    362
cpu_mean_pct: 8.94
cpu_max_pct:  23.00
cpu_min_pct:  2.00
ram_mean_mb:  40.0
ram_max_mb:   44.0
ram_min_mb:   0.0
