# Resource monitor: async_slam_toolbox_node (algorithm=slam_toolbox)
# timestamp_s  cpu_pct  ram_mb
1.0  7.00  32.1
2.0  8.00  32.1
3.0  6.00  32.2
4.0  7.00  32.3
5.0  8.00  32.5
6.0  7.00  32.5
7.0  8.00  32.5
8.0  9.00  32.7
9.0  7.00  32.7
10.0  9.00  32.7
11.0  8.00  32.7
12.0  8.00  32.8
13.0  10.00  34.0
14.0  8.00  34.0
15.0  9.00  34.6
16.0  9.00  34.6
17.0  8.00  34.6
18.0  10.00  34.6
19.0  8.00  34.6
20.0  9.00  34.7
21.0  8.00  34.7
22.0  10.00  34.7
23.0  8.00  34.7
24.0  9.00  34.7
25.0  9.00  34.8
26.0  9.00  34.9
27.0  8.00  34.9
28.0  9.00  34.9
29.0  9.00  35.0
30.0  8.00  35.0
31.0  10.00  35.0
32.0  7.00  35.0
33.0  9.00  35.0
34.0  8.00  35.0
35.0  10.00  35.0
36.0  7.00  35.0
37.0  10.00  35.0
38.0  8.00  35.0
39.0  10.00  35.1
40.0  8.00  35.1
41.0  10.00  35.1
42.0  8.00  35.1
43.0  7.00  35.1
44.0  10.00  35.1
45.0  8.00  35.1
46.0  10.00  35.1
47.0  8.00  35.1
48.0  10.00  35.2
49.0  7.00  35.2
50.0  11.00  35.2
51.0  7.00  35.2
52.0  10.00  35.2
53.0  8.00  35.2
54.0  8.00  35.2
55.0  10.00  35.4
56.0  8.00  35.4
57.0  9.00  35.4
58.0  9.00  35.4
59.0  9.00  35.4
60.0  9.00  35.4
61.0  9.00  35.4
62.0  8.00  35.4
63.0  9.00  35.5
64.0  8.00  35.5
65.0  8.00  35.5
66.0  10.00  35.5
67.0  8.00  35.5
68.0  9.00  35.5
69.0  8.00  35.5
70.0  9.00  35.6
71.0  8.00  35.6
72.0  9.00  35.6
73.0  8.00  35.6
74.0  9.00  35.6
75.0  7.00  35.6
76.0  10.00  35.6
77.0  8.00  35.6
78.0  9.00  35.6
79.0  9.00  35.6
80.0  9.00  35.7
81.0  9.00  35.7
82.0  9.00  35.8
83.0  9.00  35.8
84.0  8.00  35.8
85.0  8.00  35.8
86.0  10.00  35.8
87.0  7.00  35.8
88.0  10.00  35.8
89.0  8.00  35.8
90.0  9.00  35.8
91.0  7.00  35.8
92.0  10.00  35.8
93.0  9.00  35.8
94.0  9.00  35.9
95.0  9.00  35.9
96.0  8.00  35.9
97.0  9.00  35.9
98.0  9.00  35.9
99.0  8.00  35.9
100.0  9.00  35.9
101.0  8.00  35.9
102.0  8.00  35.9
103.0  10.00  35.9
104.0  7.00  35.9
105.0  10.00  36.0
106.0  8.00  36.0
107.0  8.00  36.0
108.0  9.00  36.0
109.0  9.00  36.0
110.0  9.00  36.0
111.0  10.00  36.0
112.0  8.00  36.0
113.0  9.00  36.1
114.0  8.00  36.1
115.0  10.00  36.1
116.0  8.00  36.1
117.0  9.00  36.1
118.0  8.00  36.1
119.0  9.00  36.1
120.0  10.00  36.1
121.0  8.00  36.1
122.0  9.00  36.2
123.0  8.00  36.2
124.0  10.00  36.2
125.0  9.00  36.2
126.0  7.00  36.2
127.0  10.00  36.2
128.0  8.00  36.2
129.0  10.00  36.2
130.0  8.00  36.2
131.0  10.00  36.3
132.0  8.00  36.3
133.0  10.00  36.3
134.0  8.00  36.3
135.0  19.00  36.3
136.0  9.00  36.3
137.0  20.00  41.8
138.0  9.00  41.8
139.0  7.00  41.8
140.0  10.00  41.8
141.0  8.00  41.8
142.0  9.00  41.8
143.0  10.00  41.8
144.0  7.00  41.8
145.0  9.00  41.8
146.0  9.00  41.8
147.0  8.00  41.8
148.0  8.00  41.8
149.0  9.00  41.8
150.0  10.00  41.8
151.0  8.00  41.8
152.0  10.00  41.8
153.0  8.00  41.8
154.0  9.00  41.8
155.0  9.00  41.8
156.0  10.00  41.8
157.0  7.00  41.8
158.0  9.00  41.8
159.0  9.00  41.8
160.0  9.00  41.8
161.0  9.00  41.8
162.0  9.00  41.8
163.0  10.00  41.8
164.0  8.00  41.8
165.0  9.00  41.8
166.0  9.00  41.8
167.0  10.00  41.8
168.0  7.00  41.8
169.0  9.00  41.8
170.0  9.00  41.8
171.0  8.00  41.8
172.0  10.00  41.8
173.0  8.00  41.8
174.0  10.00  41.8
175.0  8.00  41.8
176.0  10.00  41.9
177.0  9.00  41.9
178.0  9.00  41.9
179.0  8.00  41.9
180.0  10.00  41.9
181.0  8.00  41.9
182.0  8.00  41.9
183.0  9.00  41.9
184.0  9.00  41.9
185.0  9.00  42.0
186.0  8.00  42.0
187.0  9.00  42.0
188.0  8.00  42.0
189.0  9.00  42.0
190.0  8.00  42.0
191.0  10.00  42.0
192.0  7.00  42.0
193.1  10.00  42.0
194.1  8.00  42.0
195.1  22.00  42.6
196.1  8.00  42.6
197.1  9.00  42.6
198.1  9.00  42.6
199.1  8.00  42.6
200.1  8.00  42.6
201.1  10.00  42.6
202.1  8.00  42.6
203.1  10.00  42.6
204.1  8.00  42.6
205.1  9.00  42.6
206.1  8.00  42.6
207.1  10.00  42.6
208.1  7.00  42.6
209.1  10.00  42.6
210.1  9.00  42.6
211.1  10.00  42.6
212.1  8.00  42.6
213.1  7.00  42.6
214.1  10.00  42.6
215.1  9.00  42.6
216.1  9.00  42.6
217.1  9.00  42.6
218.1  9.00  42.6
219.1  8.00  42.6
220.1  9.00  42.6
221.1  9.00  42.6
222.1  8.00  42.6
223.1  8.00  42.6
224.1  10.00  42.7
225.1  9.00  42.7
226.1  7.00  42.7
227.1  10.00  42.7
228.1  9.00  42.7
229.1  9.00  42.7
230.1  9.00  42.7
231.1  9.00  42.7
232.1  9.00  42.7
233.1  9.00  42.7
234.1  8.00  42.7
235.1  10.00  42.7
236.1  8.00  42.7
237.1  10.00  42.7
238.1  8.00  42.7
239.1  10.00  42.7
240.1  9.00  42.7
241.1  8.00  42.7
242.1  9.00  42.7
243.1  8.00  42.7
244.1  9.00  42.7
245.1  9.00  42.7
246.1  10.00  42.7
247.1  8.00  42.7
248.1  9.00  42.7
249.1  8.00  42.7
250.1  10.00  42.7
251.1  8.00  42.7
252.1  9.00  42.7
253.1  21.00  43.3
254.1  8.00  43.3
255.1  10.00  43.3
256.1  8.00  43.3
257.1  8.00  43.3
258.1  9.00  43.3
259.1  8.00  43.3
260.1  9.00  43.3
261.1  10.00  43.3
262.1  9.00  43.3
263.1  8.00  43.3
264.1  7.00  43.3
265.1  11.00  43.3
266.1  8.00  43.3
267.1  9.00  43.3
268.1  8.00  43.3
269.1  10.00  43.3
270.1  9.00  43.3
271.1  10.00  43.3
272.1  8.00  43.3
273.1  8.00  43.3
274.1  9.00  43.3
275.1  10.00  43.3
276.1  9.00  43.3
277.1  8.00  43.3
278.1  10.00  43.3
279.1  8.00  43.3
280.1  10.00  43.3
281.1  9.00  43.3
282.1  8.00  43.3
283.1  9.00  43.3
284.1  8.00  43.3
285.1  10.00  43.3
286.1  8.00  43.3
287.1  10.00  43.3
288.1  7.00  43.3
289.1  10.00  43.3
290.1  9.00  43.3
291.1  9.00  43.3
292.1  9.00  43.3
293.1  9.00  43.3
294.1  8.00  43.3
295.1  9.00  43.3
296.1  10.00  43.4
297.1  7.00  43.4
298.1  9.00  43.4
299.1  8.00  43.4
300.1  10.00  43.4
301.1  8.00  43.4
302.1  10.00  43.4
303.1  7.00  43.4
304.1  9.00  43.4
305.1  8.00  43.4
306.1  10.00  43.4
307.1  8.00  43.4
308.1  10.00  43.4
309.1  8.00  43.4
310.1  21.00  43.9
311.1  8.00  43.9
312.1  10.00  43.9
313.1  8.00  44.0
314.1  8.00  44.0
315.1  9.00  44.0
316.1  10.00  44.0
317.1  7.00  44.0
318.1  10.00  44.0
319.1  8.00  44.0
320.1  9.00  44.0
321.1  8.00  44.0
322.1  9.00  44.0
323.1  9.00  44.0
324.1  9.00  44.0
325.1  9.00  44.0
326.1  9.00  44.0
327.1  8.00  44.0
328.1  9.00  44.0
329.1  10.00  44.0
330.1  8.00  44.0
331.1  9.00  44.0
332.1  9.00  44.0
333.1  9.00  44.0
334.1  8.00  44.0
335.1  10.00  44.0
336.1  9.00  44.0
337.1  8.00  44.0
338.1  8.00  44.0
339.1  8.00  44.0
340.1  11.00  44.0
341.1  8.00  44.0
342.1  10.00  44.0
343.1  8.00  44.0
344.1  9.00  44.0
345.1  9.00  44.0
346.1  10.00  44.0
347.1  8.00  44.0
348.1  9.00  44.0
349.1  8.00  44.0
350.1  10.00  44.0
351.1  9.00  44.0
352.1  9.00  44.0
353.1  9.00  44.0
354.1  9.00  44.0
355.1  9.00  44.0
356.1  8.00  44.0
357.1  9.00  44.0
358.1  8.00  44.0
359.1  9.00  44.0
360.1  8.00  44.0
361.1  9.00  44.0
362.1  4.00  0.0

[SUMMARY]
n_samples:    362
cpu_mean_pct: 8.89
cpu_max_pct:  22.00
cpu_min_pct:  4.00
ram_mean_mb:  39.9
ram_max_mb:   44.0
ram_min_mb:   0.0
