# Resource monitor: async_slam_toolbox_node (algorithm=slam_toolbox)
# timestamp_s  cpu_pct  ram_mb
1.0  7.00  32.3
2.0  8.00  32.3
3.0  8.00  32.4
4.0  7.00  32.5
5.0  7.00  32.8
6.0  8.00  32.8
7.0  9.00  32.8
8.0  9.00  32.9
9.0  8.00  33.0
10.0  8.00  33.0
11.0  10.00  33.0
12.0  8.00  33.1
13.0  11.00  34.3
14.0  8.00  34.4
15.0  8.00  34.4
16.0  10.00  34.5
17.0  10.00  34.9
18.0  8.00  34.9
19.0  9.00  34.9
20.0  10.00  35.0
21.0  8.00  35.0
22.0  10.00  35.0
23.0  9.00  35.0
24.0  9.00  35.0
25.0  10.00  35.1
26.0  8.00  35.1
27.0  10.00  35.1
28.0  8.00  35.1
29.0  11.00  35.1
30.0  8.00  35.1
31.0  10.00  35.2
32.0  9.00  35.2
33.0  9.00  35.2
34.0  9.00  35.2
35.0  10.00  35.2
36.0  8.00  35.2
37.0  9.00  35.2
38.0  9.00  35.2
39.0  9.00  35.2
40.0  10.00  35.2
41.0  8.00  35.2
42.0  10.00  35.3
43.0  8.00  35.3
44.0  9.00  35.3
45.0  10.00  35.3
46.0  9.00  35.3
47.0  8.00  35.3
48.0  11.00  35.3
49.0  8.00  35.3
50.0  10.00  35.3
51.0  9.00  35.3
52.0  9.00  35.3
53.0  9.00  35.3
54.0  9.00  35.3
55.0  9.00  35.3
56.0  21.00  37.0
57.0  9.00  37.0
58.0  10.00  37.1
59.0  8.00  37.1
60.0  11.00  37.1
61.0  9.00  37.1
62.0  10.00  37.2
63.0  9.00  37.2
64.0  10.00  37.2
65.0  9.00  37.3
66.0  8.00  37.3
67.0  10.00  37.3
68.0  9.00  37.3
69.0  9.00  37.4
70.0  9.00  37.4
71.0  10.00  37.4
72.0  10.00  37.4
73.0  8.00  37.4
74.0  10.00  37.4
75.0  9.00  37.4
76.0  9.00  37.4
77.0  10.00  37.4
78.0  8.00  37.4
79.0  10.00  37.5
80.0  9.00  37.5
81.0  10.00  37.5
82.0  9.00  37.5
83.0  10.00  37.5
84.0  9.00  37.5
85.0  8.00  37.5
86.0  11.00  37.5
87.0  8.00  37.5
88.0  10.00  37.6
89.0  9.00  37.6
90.0  10.00  37.7
91.0  9.00  37.7
92.0  10.00  37.8
93.0  8.00  37.8
94.0  9.00  37.8
95.0  10.00  37.8
96.0  8.00  37.8
97.0  10.00  37.8
98.0  9.00  37.8
99.0  10.00  37.9
100.0  10.00  37.9
101.0  10.00  37.9
102.0  8.00  37.9
103.0  9.00  37.9
104.0  10.00  37.9
105.0  8.00  37.9
106.0  11.00  37.9
107.0  8.00  37.9
108.0  11.00  38.0
109.0  7.00  38.0
110.0  11.00  38.0
111.0  9.00  38.0
112.0  10.00  38.0
113.0  9.00  38.0
114.0  8.00  38.0
115.0  11.00  38.1
116.0  9.00  38.1
117.0  9.00  38.1
118.0  9.00  38.1
119.0  10.00  38.1
120.0  9.00  38.1
121.0  11.00  38.1
122.0  8.00  38.1
123.0  8.00  38.1
124.0  10.00  38.2
125.0  10.00  38.2
126.0  9.00  38.2
127.0  9.00  38.2
128.0  10.00  38.2
129.0  9.00  38.2
130.0  9.00  38.2
131.0  11.00  38.2
132.0  8.00  38.2
133.0  9.00  38.2
134.0  10.00  38.3
135.0  9.00  38.4
136.0  10.00  38.4
137.0  8.00  38.4
138.0  9.00  38.4
139.0  10.00  38.4
140.0  9.00  38.4
141.0  11.00  38.5
142.0  8.00  38.5
143.0  9.00  38.5
144.0  9.00  38.5
145.0  12.00  38.5
146.0  8.00  38.5
147.0  9.00  38.5
148.0  8.00  38.5
149.0  11.00  38.5
150.0  8.00  38.5
151.0  10.00  38.6
152.0  10.00  38.6
153.0  20.00  42.4
154.0  9.00  42.4
155.0  8.00  42.4
156.0  23.00  42.4
157.0  8.00  42.4
158.0  10.00  42.4
159.0  9.00  42.4
160.0  10.00  42.4
161.0  9.00  42.4
162.0  8.00  42.4
163.0  11.00  42.4
164.0  9.00  42.4
165.0  20.00  42.6
166.0  9.00  42.6
167.0  8.00  42.6
168.0  9.00  42.6
169.0  10.00  42.6
170.0  9.00  42.6
171.0  10.00  42.6
172.0  8.00  42.6
173.0  9.00  42.6
174.0  11.00  42.6
175.0  8.00  42.6
176.0  11.00  42.6
177.0  8.00  42.6
178.0  11.00  42.6
179.0  9.00  42.6
180.0  9.00  42.6
181.0  8.00  42.6
182.0  10.00  42.6
183.0  9.00  42.6
184.0  10.00  42.6
185.0  10.00  42.6
186.0  10.00  42.6
187.0  8.00  42.6
188.0  9.00  42.6
189.1  8.00  42.6
190.1  11.00  42.6
191.1  8.00  42.6
192.1  11.00  42.6
193.1  9.00  42.6
194.1  9.00  42.6
195.1  10.00  42.6
196.1  9.00  42.6
197.1  8.00  42.6
198.1  11.00  42.6
199.1  8.00  42.6
200.1  11.00  42.6
201.1  9.00  42.6
202.1  10.00  42.6
203.1  8.00  42.6
204.1  9.00  42.7
205.1  10.00  42.7
206.1  10.00  42.7
207.1  8.00  42.7
208.1  22.00  43.0
209.1  8.00  43.0
210.1  10.00  43.0
211.1  9.00  43.0
212.1  11.00  43.0
213.1  8.00  43.0
214.1  8.00  43.0
215.1  22.00  43.2
216.1  10.00  43.2
217.1  10.00  43.2
218.1  8.00  43.2
219.1  9.00  43.2
220.1  10.00  43.2
221.1  9.00  43.2
222.1  10.00  43.2
223.1  9.00  43.2
224.1  10.00  43.2
225.1  9.00  43.2
226.1  9.00  43.2
227.1  10.00  43.2
228.1  8.00  43.2
229.1  11.00  43.2
230.1  9.00  43.2
231.1  10.00  43.2
232.1  9.00  43.2
233.1  10.00  43.2
234.1  8.00  43.2
235.1  10.00  43.2
236.1  10.00  43.2
237.1  9.00  43.2
238.1  10.00  43.2
239.1  9.00  43.2
240.1  10.00  43.2
241.1  9.00  43.2
242.1  10.00  43.2
243.1  8.00  43.2
244.1  11.00  43.2
245.1  9.00  43.2
246.1  9.00  43.2
247.1  10.00  43.2
248.1  8.00  43.2
249.1  11.00  43.2
250.1  9.00  43.2
251.1  10.00  43.2
252.1  9.00  43.2
253.1  8.00  43.2
254.1  10.00  43.2
255.1  9.00  43.2
256.1  11.00  43.2
257.1  8.00  43.2
258.1  10.00  43.2
259.1  9.00  43.2
260.1  10.00  43.2
261.1  10.00  43.2
262.1  8.00  43.2
263.1  10.00  43.2
264.1  9.00  43.3
265.1  10.00  43.3
266.1  10.00  43.3
267.1  9.00  43.3
268.1  9.00  43.3
269.1  9.00  43.3
270.1  10.00  43.3
271.1  9.00  43.3
272.1  10.00  43.3
273.1  9.00  43.3
274.1  10.00  43.3
275.1  10.00  43.3
276.1  10.00  43.3
277.1  8.00  43.3
278.1  9.00  43.3
279.1  10.00  43.3
280.1  9.00  43.3
281.1  11.00  43.3
282.1  8.00  43.3
283.1  10.00  43.3
284.1  9.00  43.3
285.1  10.00  43.3
286.1  9.00  43.3
287.1  9.00  43.3
288.1  9.00  43.3
289.1  9.00  43.3
290.1  11.00  43.3
291.1  9.00  43.3
292.1  10.00  43.3
293.1  9.00  43.3
294.1  21.00  44.1
295.1  10.00  44.1
296.1  9.00  44.1
297.1  10.00  44.1
298.1  10.00  44.1
299.1  8.00  44.1
300.1  10.00  44.1
301.1  10.00  44.1
302.1  8.00  44.1
303.1  11.00  44.1
304.1  9.00  44.1
305.1  9.00  44.1
306.1  10.00  44.1
307.1  8.00  44.1
308.1  11.00  44.1
309.1  8.00  44.1
310.1  10.00  44.1
311.1  10.00  44.1
312.1  9.00  44.1
313.1  22.00  44.3
314.1  9.00  44.3
315.1  10.00  44.3
316.1  9.00  44.3
317.1  8.00  44.3
318.1  11.00  44.3
319.1  8.00  44.3
320.1  11.00  44.3
321.1  10.00  44.3
322.1  8.00  44.3
323.1  9.00  44.3
324.1  10.00  44.3
325.1  9.00  44.3
326.1  10.00  44.3
327.1  9.00  44.3
328.1  11.00  44.3
329.1  8.00  44.3
330.1  11.00  44.3
331.1  8.00  44.3
332.1  9.00  44.3
333.1  9.00  44.3
334.1  10.00  44.3
335.1  9.00  44.3
336.1  10.00  44.3
337.1  9.00  44.4
338.1  10.00  44.4
339.1  8.00  44.4
340.1  11.00  44.4
341.1  8.00  44.4
342.1  10.00  44.4
343.1  8.00  44.4
344.1  11.00  44.4
345.1  9.00  44.4
346.1  11.00  44.4
347.1  8.00  44.4
348.1  9.00  44.4
349.1  8.00  44.4
350.1  12.00  44.4
351.1  8.00  44.4
352.1  10.00  44.4
353.1  9.00  44.4
354.1  8.00  44.4
355.1  12.00  44.4
356.1  8.00  44.4
357.1  9.00  44.4
358.1  10.00  44.4
359.1  8.00  44.4
360.1  24.00  44.7
361.1  8.00  44.7
362.1  9.00  44.7
363.1  10.00  44.7
364.1  9.00  44.7
365.1  10.00  44.7
366.1  9.00  44.7
367.1  22.00  45.0
368.1  9.00  45.0
369.1  9.00  45.0
370.1  10.00  45.0
371.1  8.00  45.0
372.1  11.00  45.0
373.1  9.00  45.0
374.1  10.00  45.0
375.1  9.00  45.0
376.1  10.00  45.0
377.1  9.00  45.0
378.1  8.00  45.0
379.1  11.00  45.0
380.1  10.00  45.0
381.1  10.00  45.0
382.1  8.00  45.0
383.1  10.00  45.0
384.1  9.00  45.0
385.1  9.00  45.0
386.1  11.00  45.0
387.1  9.00  45.0
388.1  10.00  45.0
389.1  8.00  45.0
390.1  11.00  45.0
391.1  9.00  45.0
392.1  10.00  45.0
393.1  9.00  45.0
394.1  10.00  45.0
395.1  9.00  45.0
396.1  9.00  45.0
397.1  10.00  45.0
398.1  8.00  45.0
399.1  10.00  45.0
400.1  10.00  45.0
401.1  10.00  45.1
402.1  9.00  45.1
403.1  9.00  45.1
404.1  10.00  45.1
405.1  10.00  45.1
406.1  9.00  45.1
407.1  10.00  45.1
408.1  9.00  45.1
409.1  9.00  45.1
410.1  10.00  45.1
411.1  10.00  45.1
412.1  9.00  45.1
413.1  10.00  45.1
414.1  9.00  45.1
415.1  11.00  45.1
416.1  8.00  45.1
417.1  10.00  45.1
418.1  10.00  45.1
419.1  7.00  45.1
420.1  12.00  45.1
421.1  8.00  45.1
422.1  11.00  45.1
423.1  9.00  45.1
424.1  9.00  45.1
425.1  11.00  45.1
426.1  9.00  45.1
427.1  9.00  45.1
428.1  8.00  45.1
429.1  11.00  45.1
430.1  9.00  45.1
431.1  11.00  45.1
432.1  8.00  45.1
433.1  10.00  45.1
434.1  9.00  45.1
435.1  12.00  45.1
436.1  8.00  45.1
437.1  10.00  45.1
438.1  9.00  45.1
439.1  8.00  45.1
440.1  11.00  45.1
441.1  9.00  45.1
442.1  10.00  45.1
443.1  9.00  45.1
444.1  10.00  45.1
445.1  10.00  45.1
446.1  9.00  45.1
447.1  21.00  45.8
448.1  9.00  45.8
449.1  10.00  45.8
450.1  9.00  45.8
451.1  11.00  45.8
452.1  8.00  45.8
453.1  9.00  45.8
454.1  10.00  45.8
455.1  10.00  45.8
456.1  10.00  45.8
457.1  8.00  45.8
458.1  11.00  45.8
459.1  8.00  45.8
460.1  10.00  44.9
461.1  10.00  44.9
462.1  9.00  44.9
463.1  10.00  44.9
464.1  9.00  45.0
465.1  23.00  45.3
466.1  9.00  45.3
467.1  8.00  45.3
468.1  11.00  45.3
469.1  9.00  45.3
470.1  10.00  45.3
471.1  9.00  45.3
472.1  9.00  45.3
473.1  8.00  45.3
474.1  4.00  0.0

[SUMMARY]
n_samples:    474
cpu_mean_pct: 9.62
cpu_max_pct:  24.00
cpu_min_pct:  4.00
ram_mean_mb:  41.6
ram_max_mb:   45.8
ram_min_mb:   0.0
