# Resource monitor: async_slam_toolbox_node (algorithm=slam_toolbox)
# timestamp_s  cpu_pct  ram_mb
1.0  7.00  32.0
2.0  8.00  32.0
3.0  6.00  32.1
4.0  8.00  32.2
5.0  7.00  32.4
6.0  7.00  32.4
7.0  8.00  32.4
8.0  8.00  32.5
9.0  8.00  32.6
10.0  8.00  32.6
11.0  8.00  32.6
12.0  8.00  32.6
13.0  10.00  33.9
14.0  8.00  33.9
15.0  9.00  34.4
16.0  9.00  34.4
17.0  7.00  34.4
18.0  10.00  34.5
19.0  8.00  34.5
20.0  9.00  34.6
21.0  8.00  34.6
22.0  10.00  34.6
23.0  8.00  34.6
24.0  9.00  34.6
25.0  8.00  34.8
26.0  8.00  34.8
27.0  8.00  34.8
28.0  9.00  34.8
29.0  8.00  34.8
30.0  10.00  34.8
31.0  8.00  34.8
32.0  8.00  34.8
33.0  9.00  34.8
34.0  9.00  34.8
35.0  7.00  34.8
36.0  10.00  34.9
37.0  8.00  34.9
38.0  8.00  34.9
39.0  10.00  34.9
40.0  8.00  34.9
41.0  9.00  34.9
42.0  8.00  34.9
43.0  9.00  35.0
44.0  9.00  35.0
45.0  9.00  35.0
46.0  8.00  35.0
47.0  8.00  35.0
48.0  10.00  35.0
49.0  7.00  35.0
50.0  10.00  35.1
51.0  8.00  35.1
52.0  9.00  35.1
53.0  9.00  35.1
54.0  9.00  35.1
55.0  8.00  35.1
56.0  8.00  35.1
57.0  10.00  35.2
58.0  7.00  35.2
59.0  11.00  35.2
60.0  7.00  35.3
61.0  9.00  35.3
62.0  8.00  35.3
63.0  10.00  35.3
64.0  8.00  35.3
65.0  9.00  35.4
66.0  9.00  35.4
67.0  7.00  35.4
68.0  8.00  35.4
69.0  11.00  35.4
70.0  8.00  35.5
71.0  8.00  35.5
72.0  9.00  35.5
73.0  8.00  35.5
74.0  8.00  35.5
75.0  9.00  35.6
76.0  8.00  35.6
77.0  8.00  35.6
78.0  9.00  35.6
79.0  9.00  35.6
80.0  9.00  35.7
81.0  8.00  35.7
82.0  10.00  35.7
83.0  7.00  35.7
84.0  8.00  35.7
85.0  9.00  35.7
86.0  9.00  35.7
87.0  8.00  35.7
88.0  9.00  35.7
89.0  9.00  35.7
90.0  8.00  35.7
91.0  8.00  35.7
92.0  9.00  35.8
93.0  9.00  35.8
94.0  7.00  35.8
95.0  10.00  35.8
96.0  8.00  35.8
97.0  9.00  35.8
98.0  8.00  35.8
99.0  9.00  35.8
100.0  9.00  35.9
101.0  7.00  35.9
102.0  8.00  35.9
103.0  10.00  35.9
104.0  8.00  35.9
105.0  10.00  35.9
106.0  7.00  35.9
107.0  9.00  35.9
108.0  8.00  35.9
109.0  9.00  35.9
110.0  8.00  35.9
111.0  9.00  36.0
112.0  9.00  36.0
113.0  9.00  36.0
114.0  8.00  36.0
115.0  9.00  36.0
116.0  9.00  36.0
117.0  9.00  36.0
118.0  8.00  36.0
119.0  9.00  36.0
120.0  9.00  36.1
121.0  9.00  36.1
122.0  9.00  36.1
123.0  8.00  36.1
124.0  9.00  36.1
125.0  9.00  36.1
126.0  8.00  36.1
127.0  9.00  36.1
128.0  8.00  36.1
129.0  10.00  36.2
130.0  8.00  36.2
131.0  9.00  36.2
132.0  8.00  36.2
133.0  10.00  36.2
134.0  9.00  36.2
135.0  20.00  38.0
136.0  9.00  38.0
137.0  8.00  38.0
138.0  9.00  38.1
139.0  8.00  38.1
140.0  10.00  38.2
141.0  8.00  38.2
142.0  8.00  38.2
143.0  8.00  38.2
144.0  9.00  38.2
145.0  9.00  38.2
146.0  9.00  38.2
147.0  8.00  38.2
148.0  9.00  38.2
149.0  7.00  38.2
150.0  10.00  38.2
151.0  8.00  38.2
152.0  9.00  38.2
153.0  8.00  38.2
154.0  10.00  38.2
155.0  9.00  38.2
156.0  9.00  38.3
157.0  8.00  38.3
158.0  8.00  38.3
159.0  9.00  38.3
160.0  9.00  38.3
161.0  9.00  38.3
162.0  9.00  38.3
163.0  10.00  38.3
164.0  7.00  38.4
165.0  10.00  38.4
166.0  8.00  38.4
167.0  8.00  38.4
168.0  10.00  38.4
169.0  8.00  38.4
170.0  10.00  38.4
171.0  7.00  38.4
172.0  10.00  38.5
173.0  8.00  38.5
174.0  10.00  38.5
175.0  8.00  38.5
176.0  9.00  38.5
177.0  9.00  38.5
178.0  9.00  38.5
179.0  8.00  38.5
180.0  9.00  38.5
181.0  9.00  38.6
182.0  9.00  38.6
183.0  7.00  38.6
184.0  9.00  38.6
185.0  9.00  38.6
186.0  8.00  38.6
187.0  10.00  38.6
188.0  8.00  38.6
189.0  8.00  38.6
190.1  8.00  38.6
191.1  10.00  38.7
192.1  8.00  38.7
193.1  18.00  42.5
194.1  9.00  42.5
195.1  21.00  42.5
196.1  8.00  42.5
197.1  9.00  42.5
198.1  8.00  42.5
199.1  8.00  42.5
200.1  8.00  42.5
201.1  10.00  42.5
202.1  8.00  42.5
203.1  10.00  42.5
204.1  7.00  42.5
205.1  9.00  42.5
206.1  7.00  42.5
207.1  10.00  42.5
208.1  9.00  42.6
209.1  7.00  42.6
210.1  11.00  42.6
211.1  7.00  42.6
212.1  10.00  42.6
213.1  8.00  42.6
214.1  9.00  42.6
215.1  9.00  42.6
216.1  10.00  42.6
217.1  8.00  42.6
218.1  7.00  42.6
219.1  10.00  42.6
220.1  9.00  42.6
221.1  9.00  42.6
222.1  9.00  42.6
223.1  7.00  42.6
224.1  10.00  42.6
225.1  9.00  42.6
226.1  7.00  42.6
227.1  10.00  42.6
228.1  8.00  42.6
229.1  9.00  42.6
230.1  9.00  42.6
231.1  9.00  42.6
232.1  8.00  42.6
233.1  10.00  42.6
234.1  8.00  42.6
235.1  9.00  42.6
236.1  9.00  42.6
237.1  8.00  42.6
238.1  9.00  42.6
239.1  8.00  42.6
240.1  10.00  42.6
241.1  8.00  42.6
242.1  9.00  42.6
243.1  8.00  42.6
244.1  10.00  42.6
245.1  8.00  42.6
246.1  9.00  42.6
247.1  8.00  42.6
248.1  9.00  42.6
249.1  9.00  42.6
250.1  9.00  42.6
251.1  19.00  43.2
252.1  7.00  43.2
253.1  21.00  43.2
254.1  8.00  43.2
255.1  10.00  43.2
256.1  8.00  43.2
257.1  8.00  43.2
258.1  8.00  43.2
259.1  10.00  43.2
260.1  8.00  43.2
261.1  10.00  43.2
262.1  8.00  43.2
263.1  7.00  43.2
264.1  9.00  43.2
265.1  11.00  43.2
266.1  7.00  43.2
267.1  9.00  43.2
268.1  9.00  43.2
269.1  9.00  43.2
270.1  8.00  43.2
271.1  9.00  43.2
272.1  9.00  43.3
273.1  8.00  43.3
274.1  10.00  43.3
275.1  8.00  43.3
276.1  10.00  43.3
277.1  8.00  43.3
278.1  9.00  43.3
279.1  8.00  43.3
280.1  9.00  43.3
281.1  10.00  43.3
282.1  7.00  43.3
283.1  11.00  43.3
284.1  7.00  43.3
285.1  11.00  43.3
286.1  7.00  43.3
287.1  10.00  43.3
288.1  8.00  43.3
289.1  8.00  43.3
290.1  10.00  43.3
291.1  8.00  43.3
292.1  10.00  43.3
293.1  8.00  43.3
294.1  10.00  43.3
295.1  8.00  43.3
296.1  10.00  43.3
297.1  8.00  43.3
298.1  8.00  43.3
299.1  8.00  43.3
300.1  10.00  43.3
301.1  9.00  43.3
302.1  9.00  43.3
303.1  8.00  43.3
304.1  8.00  43.3
305.1  9.00  43.3
306.1  9.00  43.3
307.1  8.00  43.3
308.1  9.00  43.3
309.1  8.00  43.3
310.1  22.00  43.9
311.1  8.00  43.9
312.1  7.00  43.9
313.1  10.00  43.9
314.1  8.00  43.9
315.1  8.00  43.9
316.1  9.00  43.9
317.1  9.00  43.9
318.1  9.00  43.9
319.1  8.00  43.9
320.1  9.00  43.9
321.1  9.00  43.9
322.1  7.00  43.9
323.1  10.00  43.9
324.1  8.00  43.9
325.1  11.00  43.9
326.1  7.00  43.9
327.1  10.00  43.9
328.1  9.00  43.9
329.1  8.00  43.9
330.1  10.00  43.9
331.1  8.00  43.9
332.1  8.00  43.9
333.1  9.00  43.9
334.1  9.00  43.9
335.1  8.00  43.9
336.1  9.00  43.9
337.1  9.00  43.9
338.1  7.00  43.9
339.1  8.00  43.9
340.1  11.00  43.9
341.1  7.00  43.9
342.1  11.00  43.9
343.1  7.00  43.9
344.1  10.00  43.9
345.1  8.00  43.9
346.1  10.00  43.9
347.1  8.00  43.9
348.1  9.00  43.9
349.1  9.00  43.9
350.1  10.00  43.9
351.1  9.00  43.9
352.1  8.00  43.9
353.1  9.00  43.9
354.1  8.00  43.9
355.1  10.00  43.9
356.1  8.00  44.0
357.1  8.00  44.0
358.1  9.00  44.0
359.1  8.00  44.0
360.1  10.00  44.0
361.1  7.00  44.0
362.1  5.00  0.0

[SUMMARY]
n_samples:    362
cpu_mean_pct: 8.81
cpu_max_pct:  22.00
cpu_min_pct:  5.00
ram_mean_mb:  39.3
ram_max_mb:   44.0
ram_min_mb:   0.0
