# Resource monitor: async_slam_toolbox_node (algorithm=slam_toolbox)
# timestamp_s  cpu_pct  ram_mb
1.0  8.00  32.3
2.0  9.00  32.4
3.0  7.00  32.4
4.0  7.00  32.6
5.0  8.00  32.8
6.0  7.00  32.8
7.0  9.00  32.8
8.0  8.00  33.0
9.0  10.00  33.0
10.0  7.00  33.1
11.0  9.00  33.1
12.0  9.00  33.1
13.0  10.00  34.3
14.0  8.00  34.4
15.0  10.00  34.5
16.0  9.00  35.0
17.0  8.00  35.0
18.0  11.00  35.0
19.0  8.00  35.0
20.0  8.00  35.0
21.0  11.00  35.1
22.0  8.00  35.1
23.0  10.00  35.1
24.0  10.00  35.1
25.0  9.00  35.2
26.0  9.00  35.2
27.0  8.00  35.2
28.0  10.00  35.2
29.0  9.00  35.2
30.0  9.00  35.2
31.0  10.00  35.2
32.0  9.00  35.2
33.0  8.00  35.2
34.0  11.00  35.2
35.0  8.00  35.2
36.0  9.00  35.2
37.0  10.00  35.2
38.0  9.00  35.3
39.0  8.00  35.3
40.0  10.00  35.3
41.0  9.00  35.3
42.0  10.00  35.3
43.0  8.00  35.3
44.0  9.00  35.3
45.0  11.00  35.3
46.0  8.00  35.3
47.0  8.00  35.3
48.0  11.00  35.3
49.0  8.00  35.3
50.0  11.00  35.4
51.0  7.00  35.4
52.0  9.00  35.4
53.0  9.00  35.4
54.0  11.00  35.4
55.0  8.00  35.4
56.0  23.00  37.1
57.0  8.00  37.1
58.0  10.00  37.2
59.0  9.00  37.2
60.0  11.00  37.2
61.0  8.00  37.2
62.0  11.00  37.2
63.0  8.00  37.2
64.0  11.00  37.3
65.0  8.00  37.4
66.0  8.00  37.4
67.0  10.00  37.4
68.0  9.00  37.4
69.0  10.00  37.4
70.0  9.00  37.4
71.0  9.00  37.4
72.0  10.00  37.5
73.0  8.00  37.5
74.0  10.00  37.5
75.0  9.00  37.5
76.0  9.00  37.5
77.0  10.00  37.5
78.0  9.00  37.5
79.0  10.00  37.5
80.0  9.00  37.5
81.0  9.00  37.6
82.0  9.00  37.6
83.0  10.00  37.6
84.0  9.00  37.6
85.0  9.00  37.6
86.0  10.00  37.6
87.0  9.00  37.6
88.0  10.00  37.7
89.0  8.00  37.7
90.0  10.00  37.7
91.0  10.00  37.7
92.0  10.00  37.8
93.0  8.00  37.8
94.0  9.00  37.8
95.0  10.00  37.8
96.0  9.00  37.8
97.0  11.00  37.8
98.0  9.00  37.8
99.0  10.00  37.8
100.0  8.00  37.8
101.0  10.00  37.9
102.0  9.00  37.9
103.0  9.00  37.9
104.0  10.00  37.9
105.0  9.00  37.9
106.0  10.00  37.9
107.0  8.00  37.9
108.0  11.00  37.9
109.0  8.00  37.9
110.0  11.00  38.0
111.0  8.00  38.0
112.0  10.00  38.0
113.0  9.00  38.0
114.0  9.00  38.0
115.0  10.00  38.2
116.0  8.00  38.2
117.0  12.00  38.2
118.0  8.00  38.2
119.0  9.00  38.3
120.0  10.00  38.3
121.0  10.00  38.3
122.0  9.00  38.3
123.0  8.00  38.3
124.0  11.00  38.3
125.0  9.00  38.3
126.0  10.00  38.3
127.0  9.00  38.3
128.0  10.00  38.4
129.0  8.00  38.4
130.0  11.00  38.4
131.0  8.00  38.4
132.0  11.00  38.4
133.0  9.00  38.4
134.0  8.00  38.4
135.0  10.00  38.4
136.0  9.00  38.5
137.0  11.00  38.5
138.0  8.00  38.5
139.0  10.00  38.5
140.0  9.00  38.5
141.0  9.00  38.5
142.0  10.00  38.5
143.0  9.00  38.5
144.0  10.00  38.6
145.0  9.00  38.6
146.0  10.00  38.6
147.0  9.00  38.6
148.0  9.00  38.6
149.0  10.00  38.6
150.0  9.00  38.6
151.0  10.00  38.6
152.0  8.00  38.6
153.0  22.00  42.5
154.0  9.00  42.5
155.0  9.00  42.5
156.0  10.00  42.5
157.0  9.00  42.5
158.0  10.00  42.5
159.0  8.00  42.5
160.0  9.00  42.5
161.0  11.00  42.5
162.0  9.00  42.5
163.0  10.00  42.5
164.0  8.00  42.5
165.0  23.00  42.6
166.0  9.00  42.6
167.0  8.00  42.6
168.0  9.00  42.6
169.0  11.00  42.7
170.0  8.00  42.7
171.0  10.00  42.7
172.0  9.00  42.7
173.0  9.00  42.7
174.0  10.00  42.7
175.0  9.00  42.7
176.0  11.00  42.7
177.0  9.00  42.7
178.0  10.00  42.7
179.0  8.00  42.7
180.0  10.00  42.7
181.0  8.00  42.7
182.0  11.00  42.7
183.0  8.00  42.7
184.0  10.00  42.7
185.0  9.00  42.7
186.0  11.00  42.7
187.0  8.00  42.7
188.0  9.00  42.7
189.1  8.00  42.7
190.1  11.00  42.7
191.1  9.00  42.7
192.1  10.00  42.7
193.1  9.00  42.7
194.1  10.00  42.7
195.1  9.00  42.7
196.1  8.00  42.7
197.1  9.00  42.7
198.1  10.00  42.7
199.1  9.00  42.7
200.1  11.00  42.7
201.1  9.00  42.7
202.1  10.00  42.7
203.1  8.00  42.7
204.1  9.00  42.7
205.1  9.00  42.7
206.1  10.00  42.7
207.1  9.00  42.7
208.1  22.00  43.0
209.1  9.00  43.1
210.1  10.00  43.1
211.1  9.00  43.1
212.1  11.00  43.1
213.1  8.00  43.1
214.1  22.00  43.2
215.1  10.00  43.2
216.1  9.00  43.2
217.1  9.00  43.2
218.1  9.00  43.2
219.1  10.00  43.2
220.1  10.00  43.2
221.1  8.00  43.2
222.1  11.00  43.2
223.1  8.00  43.2
224.1  10.00  43.2
225.1  9.00  43.2
226.1  9.00  43.2
227.1  11.00  43.2
228.1  7.00  43.2
229.1  11.00  43.2
230.1  10.00  43.2
231.1  9.00  43.2
232.1  10.00  43.3
233.1  10.00  43.3
234.1  9.00  43.3
235.1  8.00  43.3
236.1  11.00  43.3
237.1  9.00  43.3
238.1  10.00  43.3
239.1  8.00  43.3
240.1  11.00  43.3
241.1  9.00  43.3
242.1  10.00  43.3
243.1  9.00  43.3
244.1  10.00  43.3
245.1  9.00  43.3
246.1  9.00  43.3
247.1  10.00  43.3
248.1  9.00  43.3
249.1  10.00  43.3
250.1  9.00  43.3
251.1  10.00  43.3
252.1  9.00  43.3
253.1  10.00  43.3
254.1  9.00  43.3
255.1  10.00  43.3
256.1  9.00  43.3
257.1  9.00  43.3
258.1  11.00  43.3
259.1  8.00  43.3
260.1  11.00  43.3
261.1  9.00  43.3
262.1  10.00  43.3
263.1  9.00  43.3
264.1  8.00  43.3
265.1  11.00  43.3
266.1  9.00  43.3
267.1  10.00  43.3
268.1  8.00  43.3
269.1  11.00  43.3
270.1  9.00  43.3
271.1  8.00  43.3
272.1  11.00  43.3
273.1  9.00  43.3
274.1  10.00  43.3
275.1  9.00  43.3
276.1  11.00  43.3
277.1  8.00  43.3
278.1  10.00  43.3
279.1  9.00  43.3
280.1  9.00  43.3
281.1  10.00  43.3
282.1  10.00  43.3
283.1  9.00  43.3
284.1  9.00  43.3
285.1  11.00  43.3
286.1  8.00  43.3
287.1  10.00  43.3
288.1  9.00  43.3
289.1  9.00  43.4
290.1  11.00  43.4
291.1  9.00  43.4
292.1  10.00  43.4
293.1  9.00  43.4
294.1  22.00  44.1
295.1  9.00  44.1
296.1  10.00  44.1
297.1  9.00  44.1
298.1  10.00  44.1
299.1  9.00  44.1
300.1  9.00  44.1
301.1  11.00  44.1
302.1  8.00  44.1
303.1  11.00  44.1
304.1  8.00  44.1
305.1  11.00  44.1
306.1  9.00  44.1
307.1  9.00  44.1
308.1  9.00  44.1
309.1  10.00  44.1
310.1  10.00  44.1
311.1  9.00  44.1
312.1  8.00  44.1
313.1  23.00  44.4
314.1  9.00  44.4
315.1  11.00  44.4
316.1  9.00  44.4
317.1  9.00  44.4
318.1  9.00  44.4
319.1  10.00  44.4
320.1  9.00  44.4
321.1  10.00  44.4
322.1  9.00  44.4
323.1  9.00  44.4
324.1  10.00  44.4
325.1  9.00  44.4
326.1  10.00  44.4
327.1  9.00  44.4
328.1  10.00  44.4
329.1  9.00  44.4
330.1  11.00  44.4
331.1  8.00  44.4
332.1  9.00  44.4
333.1  8.00  44.4
334.1  11.00  44.4
335.1  9.00  44.4
336.1  11.00  44.4
337.1  8.00  44.4
338.1  10.00  44.4
339.1  8.00  44.4
340.1  11.00  44.4
341.1  8.00  44.4
342.1  10.00  44.4
343.1  9.00  44.4
344.1  10.00  44.4
345.1  10.00  44.4
346.1  9.00  44.4
347.1  10.00  44.4
348.1  8.00  44.4
349.1  8.00  44.4
350.1  13.00  44.4
351.1  8.00  44.4
352.1  10.00  44.4
353.1  9.00  44.4
354.1  8.00  44.4
355.1  12.00  44.4
356.1  8.00  44.4
357.1  9.00  44.4
358.1  10.00  45.0
359.1  8.00  45.0
360.1  10.00  45.0
361.1  22.00  45.3
362.1  8.00  45.3
363.1  10.00  45.3
364.1  10.00  45.3
365.1  11.00  45.3
366.1  8.00  45.3
367.1  22.00  45.6
368.1  8.00  45.6
369.1  10.00  45.6
370.1  11.00  45.6
371.1  8.00  45.6
372.1  10.00  45.6
373.1  8.00  45.6
374.1  11.00  45.6
375.1  9.00  45.6
376.1  10.00  45.6
377.1  9.00  45.6
378.1  9.00  45.6
379.1  10.00  45.6
380.1  9.00  45.6
381.1  11.00  45.6
382.1  8.00  45.6
383.1  10.00  45.6
384.1  10.00  45.6
385.1  9.00  45.6
386.1  11.00  45.6
387.1  8.00  45.6
388.1  10.00  45.6
389.1  9.00  45.6
390.1  11.00  45.6
391.1  9.00  45.6
392.1  10.00  45.6
393.1  9.00  45.6
394.1  10.00  45.6
395.1  9.00  45.6
396.1  9.00  45.6
397.1  10.00  45.6
398.1  9.00  45.6
399.1  11.00  45.6
400.1  9.00  45.6
401.1  9.00  45.6
402.1  10.00  45.6
403.1  8.00  45.6
404.1  11.00  45.6
405.1  9.00  45.6
406.1  11.00  45.6
407.1  8.00  45.6
408.1  11.00  45.6
409.1  9.00  45.6
410.1  9.00  45.6
411.1  10.00  45.6
412.1  9.00  45.6
413.1  10.00  45.6
414.1  9.00  45.6
415.1  11.00  45.6
416.1  9.00  45.6
417.1  10.00  45.6
418.1  9.00  45.6
419.1  8.00  45.6
420.1  12.00  45.6
421.1  8.00  45.6
422.1  10.00  45.6
423.1  9.00  45.6
424.1  10.00  45.6
425.1  10.00  45.7
426.1  10.00  45.7
427.1  9.00  45.7
428.1  9.00  45.7
429.1  10.00  45.7
430.1  10.00  45.7
431.1  10.00  45.7
432.1  8.00  45.7
433.1  10.00  45.7
434.1  9.00  45.7
435.1  12.00  45.7
436.1  8.00  45.7
437.1  10.00  45.7
438.1  9.00  45.7
439.1  9.00  45.7
440.1  11.00  45.7
441.1  9.00  45.7
442.1  10.00  45.7
443.1  9.00  45.7
444.1  10.00  45.7
445.1  10.00  45.7
446.1  8.00  45.7
447.1  23.00  46.3
448.1  9.00  46.3
449.1  10.00  46.4
450.1  9.00  46.4
451.1  11.00  46.4
452.1  8.00  46.4
453.1  9.00  46.4
454.1  11.00  46.4
455.1  10.00  46.4
456.1  9.00  46.4
457.1  9.00  46.4
458.1  10.00  46.4
459.1  9.00  46.4
460.1  10.00  46.4
461.1  10.00  46.4
462.1  8.00  46.4
463.1  10.00  46.4
464.1  10.00  45.5
465.1  22.00  45.8
466.1  10.00  45.8
467.1  8.00  45.8
468.1  11.00  45.8
469.1  9.00  45.8
470.1  10.00  45.8
471.1  9.00  45.8
472.1  9.00  45.8
473.1  9.00  45.8
474.1  3.00  0.0

[SUMMARY]
n_samples:    474
cpu_mean_pct: 9.65
cpu_max_pct:  23.00
cpu_min_pct:  3.00
ram_mean_mb:  41.8
ram_max_mb:   46.4
ram_min_mb:   0.0
