# Resource monitor: async_slam_toolbox_node (algorithm=slam_toolbox)
# timestamp_s  cpu_pct  ram_mb
1.0  9.00  32.2
2.0  7.00  32.2
3.0  8.00  32.3
4.0  7.00  32.4
5.0  7.00  32.7
6.0  8.00  32.7
7.0  8.00  32.7
8.0  8.00  32.8
9.0  9.00  32.9
10.0  9.00  32.9
11.0  8.00  32.9
12.0  9.00  33.0
13.0  11.00  34.2
14.0  7.00  34.3
15.0  9.00  34.4
16.0  11.00  34.9
17.0  7.00  34.9
18.0  10.00  34.9
19.0  10.00  34.9
20.0  8.00  34.9
21.0  10.00  34.9
22.0  9.00  34.9
23.0  9.00  34.9
24.0  9.00  34.9
25.0  10.00  35.0
26.0  9.00  35.0
27.0  8.00  35.0
28.0  9.00  35.0
29.0  10.00  35.1
30.0  9.00  35.1
31.0  10.00  35.1
32.0  8.00  35.1
33.0  10.00  35.1
34.0  8.00  35.1
35.0  10.00  35.1
36.0  8.00  35.1
37.0  10.00  35.1
38.0  9.00  35.1
39.0  9.00  35.1
40.0  9.00  35.1
41.0  8.00  35.2
42.0  11.00  35.2
43.0  8.00  35.2
44.0  9.00  35.2
45.0  11.00  35.2
46.0  8.00  35.2
47.0  9.00  35.2
48.0  10.00  35.2
49.0  8.00  35.2
50.0  10.00  35.2
51.0  9.00  35.2
52.0  8.00  35.3
53.0  9.00  35.3
54.0  9.00  35.3
55.0  9.00  35.3
56.0  22.00  36.3
57.0  9.00  36.3
58.0  10.00  36.4
59.0  9.00  36.4
60.0  10.00  36.4
61.0  9.00  36.4
62.0  9.00  36.4
63.0  9.00  36.4
64.0  10.00  36.5
65.0  8.00  36.6
66.0  9.00  36.6
67.0  10.00  36.6
68.0  8.00  36.6
69.0  10.00  36.6
70.0  9.00  36.6
71.0  9.00  36.6
72.0  10.00  36.7
73.0  8.00  36.7
74.0  11.00  36.7
75.0  8.00  36.7
76.0  9.00  36.7
77.0  10.00  36.7
78.0  8.00  36.7
79.0  11.00  36.7
80.0  8.00  36.7
81.0  11.00  36.8
82.0  8.00  36.8
83.0  10.00  36.8
84.0  8.00  36.8
85.0  9.00  36.8
86.0  10.00  36.8
87.0  9.00  36.8
88.0  10.00  36.8
89.0  8.00  36.8
90.0  11.00  36.9
91.0  8.00  36.9
92.0  11.00  36.9
93.0  8.00  36.9
94.0  8.00  36.9
95.0  11.00  37.1
96.0  8.00  37.1
97.0  11.00  37.1
98.0  8.00  37.1
99.0  10.00  37.2
100.0  8.00  37.2
101.0  11.00  37.2
102.0  9.00  37.2
103.0  8.00  37.2
104.0  11.00  37.2
105.0  9.00  37.2
106.0  9.00  37.2
107.0  10.00  37.2
108.0  10.00  37.3
109.0  8.00  37.3
110.0  11.00  37.3
111.0  9.00  37.3
112.0  9.00  37.3
113.0  9.00  37.3
114.0  8.00  37.3
115.0  11.00  37.3
116.0  9.00  37.4
117.0  10.00  37.4
118.0  8.00  37.4
119.0  11.00  37.4
120.0  9.00  37.4
121.0  10.00  37.4
122.0  8.00  37.4
123.0  10.00  37.4
124.0  9.00  37.5
125.0  9.00  37.5
126.0  10.00  37.5
127.0  9.00  37.5
128.0  10.00  37.5
129.0  9.00  37.5
130.0  9.00  37.5
131.0  9.00  37.5
132.0  9.00  37.5
133.0  10.00  37.6
134.0  9.00  37.6
135.0  10.00  37.6
136.0  8.00  37.6
137.0  11.00  37.6
138.0  9.00  37.6
139.0  8.00  37.6
140.0  10.00  37.6
141.0  9.00  37.6
142.0  10.00  37.7
143.0  9.00  37.7
144.0  10.00  37.7
145.0  8.00  37.7
146.0  11.00  37.7
147.0  9.00  37.7
148.0  8.00  37.7
149.0  10.00  37.7
150.0  9.00  37.7
151.0  11.00  37.8
152.0  8.00  37.8
153.0  21.00  42.2
154.0  9.00  42.2
155.0  9.00  42.2
156.0  10.00  42.2
157.0  8.00  42.2
158.0  11.00  42.2
159.0  8.00  42.2
160.0  9.00  42.2
161.0  11.00  42.2
162.0  9.00  42.2
163.0  9.00  42.2
164.0  9.00  42.2
165.0  23.00  42.4
166.0  8.00  42.4
167.0  9.00  42.4
168.0  8.00  42.4
169.0  10.00  42.4
170.0  9.00  42.4
171.0  11.00  42.4
172.0  8.00  42.4
173.0  9.00  42.4
174.0  9.00  42.4
175.0  10.00  42.4
176.0  11.00  42.4
177.0  8.00  42.4
178.0  11.00  42.4
179.0  7.00  42.4
180.0  10.00  42.4
181.0  9.00  42.4
182.0  10.00  42.4
183.0  9.00  42.4
184.0  10.00  42.4
185.0  9.00  42.4
186.0  10.00  42.4
187.0  9.00  42.4
188.0  9.00  42.4
189.0  8.00  42.4
190.0  11.00  42.4
191.0  8.00  42.4
192.0  11.00  42.4
193.1  8.00  42.4
194.1  11.00  42.4
195.1  9.00  42.4
196.1  9.00  42.4
197.1  9.00  42.4
198.1  9.00  42.4
199.1  9.00  42.4
200.1  10.00  42.5
201.1  9.00  42.5
202.1  10.00  42.5
203.1  9.00  42.5
204.1  8.00  42.5
205.1  10.00  42.5
206.1  10.00  42.5
207.1  8.00  42.5
208.1  23.00  42.8
209.1  9.00  42.8
210.1  8.00  42.8
211.1  10.00  42.8
212.1  10.00  42.8
213.1  9.00  42.8
214.1  9.00  42.8
215.1  23.00  43.0
216.1  8.00  43.0
217.1  11.00  43.0
218.1  8.00  43.0
219.1  9.00  43.0
220.1  11.00  43.0
221.1  9.00  43.0
222.1  10.00  43.0
223.1  8.00  43.0
224.1  10.00  43.0
225.1  9.00  43.0
226.1  9.00  43.0
227.1  10.00  43.0
228.1  9.00  43.0
229.1  10.00  43.0
230.1  8.00  43.0
231.1  11.00  43.0
232.1  8.00  43.0
233.1  9.00  43.0
234.1  10.00  43.0
235.1  10.00  43.0
236.1  10.00  43.0
237.1  9.00  43.0
238.1  10.00  43.0
239.1  8.00  43.0
240.1  11.00  43.0
241.1  8.00  43.1
242.1  9.00  43.1
243.1  10.00  43.1
244.1  8.00  43.1
245.1  12.00  43.1
246.1  8.00  43.1
247.1  10.00  43.1
248.1  9.00  43.1
249.1  10.00  43.1
250.1  10.00  43.1
251.1  8.00  43.1
252.1  10.00  43.1
253.1  9.00  43.1
254.1  10.00  43.1
255.1  9.00  43.1
256.1  10.00  43.1
257.1  9.00  43.1
258.1  11.00  43.1
259.1  8.00  43.1
260.1  9.00  43.1
261.1  10.00  43.1
262.1  9.00  43.1
263.1  10.00  43.1
264.1  8.00  43.1
265.1  12.00  43.1
266.1  7.00  43.1
267.1  11.00  43.1
268.1  9.00  43.1
269.1  8.00  43.1
270.1  12.00  43.1
271.1  8.00  43.1
272.1  10.00  43.1
273.1  8.00  43.1
274.1  10.00  43.1
275.1  10.00  43.1
276.1  9.00  43.1
277.1  10.00  43.1
278.1  8.00  43.1
279.1  10.00  43.1
280.1  10.00  43.1
281.1  10.00  43.1
282.1  8.00  43.1
283.1  11.00  43.1
284.1  8.00  43.1
285.1  12.00  43.1
286.1  7.00  43.1
287.1  10.00  43.1
288.1  9.00  43.1
289.1  9.00  43.1
290.1  11.00  43.1
291.1  8.00  43.1
292.1  10.00  43.1
293.1  9.00  43.1
294.1  22.00  43.9
295.1  10.00  43.9
296.1  10.00  43.9
297.1  9.00  43.9
298.1  8.00  43.9
299.1  10.00  43.9
300.1  9.00  43.9
301.1  11.00  43.9
302.1  8.00  43.9
303.1  9.00  43.9
304.1  10.00  43.9
305.1  9.00  43.9
306.1  11.00  43.9
307.1  8.00  43.9
308.1  10.00  43.9
309.1  9.00  43.9
310.1  10.00  43.9
311.1  11.00  43.9
312.1  7.00  43.9
313.1  22.00  44.1
314.1  9.00  44.1
315.1  12.00  44.1
316.1  8.00  44.2
317.1  9.00  44.2
318.1  10.00  44.2
319.1  8.00  44.2
320.1  10.00  44.2
321.1  8.00  44.2
322.1  10.00  44.2
323.1  9.00  44.2
324.1  10.00  44.2
325.1  10.00  44.2
326.1  9.00  44.2
327.1  9.00  44.2
328.1  11.00  44.2
329.1  8.00  44.2
330.1  10.00  44.2
331.1  10.00  44.2
332.1  9.00  44.2
333.1  8.00  44.2
334.1  11.00  44.2
335.1  10.00  44.2
336.1  9.00  44.2
337.1  9.00  44.2
338.1  8.00  44.2
339.1  11.00  44.2
340.1  9.00  44.2
341.1  9.00  44.2
342.1  10.00  44.2
343.1  9.00  44.2
344.1  8.00  44.2
345.1  12.00  44.2
346.1  8.00  44.2
347.1  10.00  44.2
348.1  8.00  44.2
349.1  10.00  44.2
350.1  10.00  44.2
351.1  9.00  44.2
352.1  9.00  44.2
353.1  10.00  44.2
354.1  8.00  44.2
355.1  12.00  44.2
356.1  8.00  44.2
357.1  9.00  44.2
358.1  9.00  44.2
359.1  10.00  44.2
360.1  10.00  44.2
361.1  22.00  44.6
362.1  9.00  44.6
363.1  9.00  44.6
364.1  9.00  44.6
365.1  12.00  44.6
366.1  8.00  44.6
367.1  22.00  44.8
368.1  9.00  44.8
369.1  11.00  44.8
370.1  8.00  44.8
371.1  10.00  44.8
372.1  10.00  44.8
373.1  8.00  44.8
374.1  10.00  44.8
375.1  9.00  44.8
376.1  9.00  44.8
377.1  10.00  44.8
378.1  9.00  44.8
379.1  10.00  44.8
380.1  10.00  44.8
381.1  8.00  44.8
382.1  11.00  44.8
383.1  8.00  44.8
384.1  10.00  44.8
385.1  10.00  44.9
386.1  10.00  44.9
387.1  8.00  44.9
388.1  11.00  44.9
389.1  9.00  44.9
390.1  9.00  44.9
391.1  10.00  44.9
392.1  9.00  44.9
393.1  11.00  44.9
394.1  8.00  44.9
395.1  11.00  44.9
396.1  9.00  44.9
397.1  10.00  44.9
398.1  8.00  44.9
399.1  9.00  44.9
400.1  11.00  44.9
401.1  9.00  44.9
402.1  11.00  44.9
403.1  8.00  44.9
404.1  10.00  44.9
405.1  10.00  44.9
406.1  10.00  44.9
407.1  8.00  44.9
408.1  9.00  44.9
409.1  10.00  44.9
410.1  9.00  44.9
411.1  11.00  44.9
412.1  8.00  44.9
413.1  10.00  44.9
414.1  8.00  44.9
415.1  12.00  44.9
416.1  9.00  44.9
417.1  10.00  44.9
418.1  9.00  44.9
419.1  8.00  44.9
420.1  12.00  44.9
421.1  8.00  44.9
422.1  10.00  44.9
423.1  9.00  44.9
424.1  10.00  44.9
425.1  10.00  44.9
426.1  10.00  44.9
427.1  9.00  44.9
428.1  9.00  44.9
429.1  10.00  44.9
430.1  9.00  44.9
431.1  11.00  44.9
432.1  9.00  44.9
433.1  9.00  44.9
434.1  9.00  44.9
435.1  11.00  44.9
436.1  9.00  44.9
437.1  8.00  44.9
438.1  10.00  44.9
439.1  9.00  44.9
440.1  11.00  44.9
441.1  9.00  44.9
442.1  10.00  44.9
443.1  9.00  44.9
444.1  10.00  45.0
445.1  9.00  45.0
446.1  9.00  45.0
447.1  23.00  45.6
448.1  9.00  45.6
449.1  10.00  45.6
450.1  9.00  45.6
451.1  10.00  45.6
452.1  9.00  45.6
453.1  8.00  45.6
454.1  11.00  45.6
455.1  9.00  45.6
456.1  11.00  45.6
457.1  8.00  45.6
458.1  11.00  45.6
459.1  8.00  45.6
460.1  9.00  45.6
461.1  11.00  45.6
462.1  8.00  45.6
463.1  10.00  45.6
464.1  9.00  45.6
465.1  10.00  44.8
466.1  21.00  45.1
467.1  9.00  45.1
468.1  11.00  45.1
469.1  8.00  45.1
470.1  10.00  45.1
471.1  10.00  45.1
472.1  8.00  45.1
473.1  9.00  45.1
474.1  6.00  0.0

[SUMMARY]
n_samples:    474
cpu_mean_pct: 9.61
cpu_max_pct:  23.00
cpu_min_pct:  6.00
ram_mean_mb:  41.3
ram_max_mb:   45.6
ram_min_mb:   0.0
