# Resource monitor: async_slam_toolbox_node (algorithm=slam_toolbox)
# timestamp_s  cpu_pct  ram_mb
1.0  7.00  32.1
2.0  9.00  32.1
3.0  7.00  32.2
4.0  7.00  32.3
5.0  7.00  32.6
6.0  9.00  32.6
7.0  8.00  32.6
8.0  9.00  32.8
9.0  8.00  32.8
10.0  8.00  32.8
11.0  9.00  32.8
12.0  9.00  32.9
13.0  10.00  34.1
14.0  8.00  34.1
15.0  9.00  34.2
16.0  11.00  34.7
17.0  8.00  34.8
18.0  10.00  34.8
19.0  9.00  34.8
20.0  8.00  34.8
21.0  10.00  34.8
22.0  8.00  34.8
23.0  11.00  34.8
24.0  8.00  34.8
25.0  11.00  34.9
26.0  8.00  34.9
27.0  8.00  34.9
28.0  9.00  34.9
29.0  10.00  34.9
30.0  9.00  34.9
31.0  10.00  35.0
32.0  9.00  35.0
33.0  10.00  35.0
34.0  9.00  35.0
35.0  8.00  35.0
36.0  8.00  35.0
37.0  11.00  35.0
38.0  8.00  35.0
39.0  10.00  35.0
40.0  8.00  35.0
41.0  10.00  35.1
42.0  10.00  35.1
43.0  8.00  35.1
44.0  9.00  35.1
45.0  10.00  35.1
46.0  8.00  35.1
47.0  9.00  35.1
48.0  10.00  35.1
49.0  9.00  35.1
50.0  10.00  35.1
51.0  9.00  35.1
52.0  8.00  35.2
53.0  8.00  35.2
54.0  11.00  35.2
55.0  9.00  35.2
56.0  21.00  36.8
57.0  9.00  36.8
58.0  10.00  36.9
59.0  9.00  36.9
60.0  10.00  36.9
61.0  8.00  36.9
62.0  11.00  37.0
63.0  7.00  37.0
64.0  11.00  37.0
65.0  9.00  37.1
66.0  8.00  37.1
67.0  11.00  37.1
68.0  8.00  37.1
69.0  10.00  37.1
70.0  9.00  37.1
71.0  8.00  37.1
72.0  11.00  37.2
73.0  9.00  37.2
74.0  9.00  37.2
75.0  10.00  37.2
76.0  8.00  37.2
77.0  10.00  37.2
78.0  9.00  37.2
79.0  10.00  37.2
80.0  9.00  37.2
81.0  10.00  37.3
82.0  9.00  37.3
83.0  10.00  37.3
84.0  8.00  37.3
85.0  9.00  37.3
86.0  10.00  37.3
87.0  9.00  37.3
88.0  10.00  37.4
89.0  9.00  37.4
90.0  10.00  37.5
91.0  9.00  37.5
92.0  10.00  37.6
93.0  9.00  37.6
94.0  8.00  37.6
95.0  10.00  37.6
96.0  9.00  37.6
97.0  10.00  37.6
98.0  9.00  37.6
99.0  10.00  37.6
100.0  9.00  37.6
101.0  10.00  37.7
102.0  9.00  37.7
103.0  8.00  37.7
104.0  10.00  37.7
105.0  10.00  37.7
106.0  10.00  37.7
107.0  8.00  37.7
108.0  11.00  37.7
109.0  8.00  37.7
110.0  11.00  37.8
111.0  8.00  37.8
112.0  11.00  37.9
113.0  8.00  37.9
114.0  8.00  37.9
115.0  12.00  37.9
116.0  8.00  37.9
117.0  10.00  37.9
118.0  8.00  37.9
119.0  10.00  37.9
120.0  9.00  37.9
121.0  10.00  38.0
122.0  9.00  38.0
123.0  9.00  38.0
124.0  10.00  38.0
125.0  8.00  38.0
126.0  10.00  38.0
127.0  10.00  38.0
128.0  9.00  38.0
129.0  9.00  38.0
130.0  11.00  38.1
131.0  7.00  38.1
132.0  10.00  38.1
133.0  9.00  38.1
134.0  8.00  38.1
135.0  11.00  38.1
136.0  9.00  38.1
137.0  10.00  38.2
138.0  8.00  38.2
139.0  11.00  38.2
140.0  9.00  38.2
141.0  8.00  38.2
142.0  11.00  38.2
143.0  8.00  38.2
144.0  11.00  38.2
145.0  8.00  38.2
146.0  11.00  38.2
147.0  9.00  38.3
148.0  8.00  38.3
149.0  11.00  38.3
150.0  8.00  38.3
151.0  10.00  38.3
152.0  9.00  38.3
153.0  22.00  42.1
154.0  8.00  42.1
155.0  9.00  42.1
156.0  10.00  42.1
157.0  9.00  42.1
158.0  10.00  42.1
159.0  9.00  42.1
160.0  10.00  42.1
161.0  10.00  42.2
162.0  8.00  42.2
163.0  10.00  42.2
164.0  9.00  42.2
165.0  22.00  42.3
166.0  8.00  42.3
167.0  9.00  42.3
168.0  9.00  42.3
169.0  10.00  42.3
170.0  9.00  42.3
171.0  10.00  42.3
172.0  8.00  42.3
173.0  9.00  42.3
174.0  11.00  42.3
175.0  8.00  42.3
176.0  11.00  42.3
177.0  9.00  42.3
178.0  10.00  42.3
179.0  8.00  42.3
180.0  10.00  42.3
181.0  8.00  42.3
182.0  10.00  42.3
183.0  9.00  42.3
184.0  10.00  42.4
185.0  9.00  42.4
186.0  11.00  42.4
187.0  8.00  42.4
188.0  9.00  42.4
189.0  8.00  42.4
190.0  11.00  42.4
191.0  9.00  42.4
192.0  10.00  42.4
193.0  8.00  42.4
194.0  10.00  42.4
195.1  10.00  42.4
196.1  8.00  42.4
197.1  9.00  42.4
198.1  10.00  42.4
199.1  9.00  42.4
200.1  11.00  42.4
201.1  8.00  42.4
202.1  10.00  42.4
203.1  9.00  42.4
204.1  8.00  42.4
205.1  10.00  42.4
206.1  10.00  42.4
207.1  9.00  42.4
208.1  21.00  42.7
209.1  9.00  42.7
210.1  11.00  42.7
211.1  9.00  42.7
212.1  10.00  42.7
213.1  8.00  42.7
214.1  9.00  42.7
215.1  22.00  42.9
216.1  8.00  42.9
217.1  11.00  42.9
218.1  8.00  42.9
219.1  10.00  42.9
220.1  10.00  42.9
221.1  8.00  42.9
222.1  10.00  42.9
223.1  9.00  42.9
224.1  10.00  42.9
225.1  10.00  42.9
226.1  8.00  42.9
227.1  10.00  42.9
228.1  9.00  42.9
229.1  10.00  42.9
230.1  9.00  42.9
231.1  10.00  42.9
232.1  9.00  42.9
233.1  10.00  42.9
234.1  8.00  42.9
235.1  10.00  42.9
236.1  11.00  42.9
237.1  8.00  42.9
238.1  10.00  42.9
239.1  8.00  42.9
240.1  11.00  43.0
241.1  9.00  43.0
242.1  10.00  43.0
243.1  9.00  43.0
244.1  10.00  43.0
245.1  9.00  43.0
246.1  8.00  43.0
247.1  10.00  43.0
248.1  9.00  43.0
249.1  10.00  43.0
250.1  10.00  43.0
251.1  10.00  43.0
252.1  8.00  43.0
253.1  9.00  43.0
254.1  10.00  43.0
255.1  10.00  43.0
256.1  9.00  43.0
257.1  9.00  43.0
258.1  10.00  43.0
259.1  9.00  43.0
260.1  10.00  43.0
261.1  10.00  43.0
262.1  8.00  43.0
263.1  10.00  43.0
264.1  9.00  43.0
265.1  10.00  43.0
266.1  9.00  43.0
267.1  10.00  43.0
268.1  9.00  43.0
269.1  8.00  43.0
270.1  12.00  43.0
271.1  8.00  43.0
272.1  9.00  43.0
273.1  10.00  43.0
274.1  9.00  43.0
275.1  10.00  43.0
276.1  10.00  43.0
277.1  8.00  43.0
278.1  9.00  43.0
279.1  10.00  43.0
280.1  9.00  43.0
281.1  11.00  43.0
282.1  8.00  43.0
283.1  10.00  43.0
284.1  9.00  43.0
285.1  11.00  43.0
286.1  8.00  43.0
287.1  9.00  43.0
288.1  11.00  43.0
289.1  9.00  43.0
290.1  10.00  43.0
291.1  8.00  43.0
292.1  11.00  43.0
293.1  8.00  43.0
294.1  21.00  43.8
295.1  10.00  43.8
296.1  11.00  43.8
297.1  8.00  43.8
298.1  8.00  43.8
299.1  10.00  43.8
300.1  10.00  43.8
301.1  10.00  43.8
302.1  8.00  43.8
303.1  9.00  43.8
304.1  11.00  43.8
305.1  9.00  43.8
306.1  10.00  43.8
307.1  9.00  43.8
308.1  10.00  43.8
309.1  9.00  43.8
310.1  9.00  43.8
311.1  10.00  43.8
312.1  9.00  43.8
313.1  22.00  44.1
314.1  9.00  44.1
315.1  11.00  44.1
316.1  10.00  44.1
317.1  8.00  44.1
318.1  10.00  44.1
319.1  9.00  44.1
320.1  9.00  44.1
321.1  9.00  44.1
322.1  10.00  44.1
323.1  9.00  44.1
324.1  10.00  44.1
325.1  9.00  44.1
326.1  10.00  44.1
327.1  8.00  44.1
328.1  12.00  44.1
329.1  8.00  44.1
330.1  9.00  44.1
331.1  11.00  44.1
332.1  8.00  44.1
333.1  9.00  44.1
334.1  10.00  44.1
335.1  10.00  44.1
336.1  10.00  44.1
337.1  9.00  44.1
338.1  8.00  44.1
339.1  10.00  44.1
340.1  10.00  44.1
341.1  9.00  44.1
342.1  10.00  44.1
343.1  9.00  44.1
344.1  9.00  44.1
345.1  10.00  44.1
346.1  8.00  44.1
347.1  11.00  44.1
348.1  9.00  44.1
349.1  8.00  44.1
350.1  11.00  44.1
351.1  8.00  44.1
352.1  9.00  44.1
353.1  11.00  44.1
354.1  8.00  44.1
355.1  11.00  44.1
356.1  8.00  44.1
357.1  10.00  44.1
358.1  8.00  44.1
359.1  10.00  44.1
360.1  10.00  44.1
361.1  21.00  44.5
362.1  9.00  44.5
363.1  10.00  44.5
364.1  9.00  44.5
365.1  12.00  44.5
366.1  8.00  44.5
367.1  23.00  44.7
368.1  8.00  44.7
369.1  10.00  44.7
370.1  10.00  44.7
371.1  8.00  44.7
372.1  10.00  44.7
373.1  9.00  44.7
374.1  10.00  44.7
375.1  9.00  44.7
376.1  9.00  44.7
377.1  10.00  44.7
378.1  9.00  44.7
379.1  9.00  44.7
380.1  10.00  44.7
381.1  9.00  44.7
382.1  10.00  44.7
383.1  9.00  44.7
384.1  10.00  44.7
385.1  10.00  44.7
386.1  10.00  44.8
387.1  9.00  44.8
388.1  9.00  44.8
389.1  9.00  44.8
390.1  10.00  44.8
391.1  11.00  44.8
392.1  8.00  44.8
393.1  10.00  44.8
394.1  9.00  44.8
395.1  11.00  44.8
396.1  8.00  44.8
397.1  11.00  44.8
398.1  8.00  44.8
399.1  9.00  44.8
400.1  11.00  44.8
401.1  8.00  44.8
402.1  11.00  44.8
403.1  8.00  44.8
404.1  11.00  44.8
405.1  10.00  44.8
406.1  10.00  44.8
407.1  9.00  44.8
408.1  8.00  44.8
409.1  10.00  44.8
410.1  11.00  44.8
411.1  9.00  44.8
412.1  9.00  44.8
413.1  10.00  44.8
414.1  8.00  44.8
415.1  12.00  44.8
416.1  9.00  44.8
417.1  10.00  44.8
418.1  8.00  44.8
419.1  9.00  44.8
420.1  11.00  44.8
421.1  9.00  44.8
422.1  10.00  44.8
423.1  9.00  44.8
424.1  10.00  44.8
425.1  10.00  44.8
426.1  10.00  44.8
427.1  9.00  44.8
428.1  8.00  44.8
429.1  10.00  44.8
430.1  10.00  44.8
431.1  9.00  44.8
432.1  10.00  44.8
433.1  10.00  44.8
434.1  9.00  44.8
435.1  10.00  44.8
436.1  10.00  44.8
437.1  8.00  44.8
438.1  10.00  44.8
439.1  9.00  44.8
440.1  11.00  44.8
441.1  9.00  44.8
442.1  10.00  44.8
443.1  9.00  44.8
444.1  9.00  44.9
445.1  10.00  44.9
446.1  9.00  44.9
447.1  22.00  45.5
448.1  9.00  45.5
449.1  10.00  45.5
450.1  10.00  45.5
451.1  9.00  45.5
452.1  9.00  45.5
453.1  9.00  45.5
454.1  10.00  45.5
455.1  10.00  45.5
456.1  10.00  45.5
457.1  9.00  45.5
458.1  10.00  45.5
459.1  9.00  45.5
460.1  10.00  45.5
461.1  9.00  45.5
462.1  9.00  45.5
463.1  10.00  45.5
464.1  8.00  45.5
465.1  10.00  44.7
466.1  23.00  45.0
467.1  9.00  45.0
468.1  10.00  45.0
469.1  9.00  45.0
470.1  10.00  45.0
471.1  9.00  45.0
472.1  8.00  45.0
473.1  9.00  45.0
474.1  5.00  0.0

[SUMMARY]
n_samples:    474
cpu_mean_pct: 9.61
cpu_max_pct:  23.00
cpu_min_pct:  5.00
ram_mean_mb:  41.3
ram_max_mb:   45.5
ram_min_mb:   0.0
