# Resource monitor: async_slam_toolbox_node (algorithm=slam_toolbox)
# timestamp_s  cpu_pct  ram_mb
1.0  7.00  32.3
2.0  8.00  32.3
3.0  7.00  32.4
4.0  8.00  32.5
5.0  7.00  32.6
6.0  9.00  32.7
7.0  8.00  32.7
8.0  8.00  32.8
9.0  9.00  32.8
10.0  9.00  32.9
11.0  9.00  32.9
12.0  9.00  32.9
13.0  9.00  34.1
14.0  9.00  34.2
15.0  10.00  34.8
16.0  8.00  34.8
17.0  10.00  34.8
18.0  10.00  34.8
19.0  8.00  34.8
20.0  10.00  34.9
21.0  8.00  34.9
22.0  10.00  35.0
23.0  9.00  35.0
24.0  9.00  35.0
25.0  10.00  35.0
26.0  9.00  35.0
27.0  10.00  35.0
28.0  8.00  35.0
29.0  11.00  35.1
30.0  8.00  35.1
31.0  10.00  35.1
32.0  10.00  35.1
33.0  8.00  35.1
34.0  10.00  35.1
35.0  9.00  35.2
36.0  10.00  35.2
37.0  8.00  35.2
38.0  11.00  35.2
39.0  8.00  35.2
40.0  11.00  35.3
41.0  8.00  35.3
42.0  10.00  35.3
43.0  8.00  35.3
44.0  9.00  35.3
45.0  10.00  35.3
46.0  8.00  35.3
47.0  11.00  35.3
48.0  9.00  35.3
49.0  10.00  35.4
50.0  8.00  35.4
51.0  9.00  35.4
52.0  8.00  35.4
53.0  10.00  35.4
54.0  9.00  35.4
55.0  9.00  35.4
56.0  10.00  35.4
57.0  9.00  35.4
58.0  10.00  35.4
59.0  9.00  35.4
60.0  10.00  35.5
61.0  8.00  35.5
62.0  11.00  35.5
63.0  8.00  35.5
64.0  10.00  35.5
65.0  9.00  35.5
66.0  9.00  35.5
67.0  10.00  35.5
68.0  8.00  35.5
69.0  9.00  35.5
70.0  10.00  35.5
71.0  8.00  35.5
72.0  10.00  35.6
73.0  9.00  35.6
74.0  10.00  35.6
75.0  9.00  35.6
76.0  9.00  35.6
77.0  9.00  35.6
78.0  9.00  35.7
79.0  9.00  35.7
80.0  10.00  35.7
81.0  9.00  35.7
82.0  8.00  35.7
83.0  10.00  35.7
84.0  9.00  35.7
85.0  11.00  35.7
86.0  8.00  35.7
87.0  11.00  35.7
88.0  9.00  35.7
89.0  9.00  35.8
90.0  9.00  35.8
91.0  11.00  35.8
92.0  8.00  35.8
93.0  9.00  35.8
94.0  9.00  35.8
95.0  9.00  35.8
96.0  10.00  35.8
97.0  8.00  35.9
98.0  10.00  35.9
99.0  10.00  35.9
100.0  8.00  35.9
101.0  11.00  35.9
102.0  8.00  35.9
103.0  10.00  35.9
104.0  8.00  35.9
105.0  11.00  35.9
106.0  9.00  35.9
107.0  8.00  35.9
108.0  10.00  36.0
109.0  9.00  36.0
110.0  10.00  36.0
111.0  8.00  36.0
112.0  11.00  36.0
113.0  9.00  36.0
114.0  10.00  36.0
115.0  9.00  36.1
116.0  8.00  36.1
117.0  10.00  36.1
118.0  9.00  36.1
119.0  10.00  36.1
120.0  8.00  36.1
121.0  9.00  36.1
122.0  22.00  37.8
123.0  9.00  37.8
124.0  9.00  37.9
125.0  10.00  37.9
126.0  8.00  37.9
127.0  11.00  37.9
128.0  8.00  37.9
129.0  8.00  37.9
130.0  11.00  37.9
131.0  8.00  37.9
132.0  10.00  37.9
133.0  9.00  37.9
134.0  11.00  37.9
135.0  8.00  37.9
136.0  10.00  38.0
137.0  9.00  38.0
138.0  10.00  38.0
139.0  8.00  38.0
140.0  11.00  38.0
141.0  9.00  38.0
142.0  8.00  38.0
143.0  8.00  38.0
144.0  11.00  38.0
145.0  9.00  38.0
146.0  8.00  38.0
147.0  11.00  38.1
148.0  8.00  38.1
149.0  11.00  38.1
150.0  9.00  38.1
151.0  8.00  38.1
152.0  9.00  38.1
153.0  10.00  38.1
154.0  8.00  38.1
155.0  11.00  38.1
156.0  8.00  38.1
157.0  11.00  38.1
158.0  8.00  38.1
159.0  11.00  38.2
160.0  9.00  38.2
161.0  10.00  38.2
162.0  8.00  38.2
163.0  10.00  38.2
164.0  9.00  38.2
165.0  8.00  38.2
166.0  11.00  38.2
167.0  9.00  38.2
168.0  10.00  38.3
169.0  9.00  38.3
170.0  10.00  38.3
171.0  8.00  38.3
172.0  9.00  38.3
173.0  10.00  38.3
174.0  8.00  38.3
175.0  11.00  38.4
176.0  9.00  38.4
177.0  8.00  38.4
178.0  10.00  38.4
179.0  10.00  38.4
180.0  10.00  38.4
181.0  9.00  38.4
182.0  10.00  38.4
183.0  8.00  38.4
184.0  10.00  38.4
185.0  10.00  38.4
186.0  9.00  38.5
187.0  9.00  38.5
188.0  9.00  38.5
189.0  10.00  38.5
190.0  9.00  38.5
191.0  9.00  38.5
192.0  9.00  38.5
193.1  9.00  38.5
194.1  9.00  38.6
195.1  10.00  38.6
196.1  21.00  42.4
197.1  9.00  42.4
198.1  9.00  42.4
199.1  9.00  42.4
200.1  10.00  42.4
201.1  9.00  42.4
202.1  9.00  42.4
203.1  9.00  42.4
204.1  10.00  42.4
205.1  10.00  42.4
206.1  9.00  42.4
207.1  9.00  42.4
208.1  10.00  42.4
209.1  9.00  42.4
210.1  8.00  42.4
211.1  10.00  42.4
212.1  9.00  42.4
213.1  10.00  42.4
214.1  9.00  42.4
215.1  10.00  42.4
216.1  9.00  42.4
217.1  9.00  42.4
218.1  8.00  42.4
219.1  10.00  42.4
220.1  10.00  42.4
221.1  22.00  42.7
222.1  8.00  42.7
223.1  10.00  42.7
224.1  9.00  42.7
225.1  9.00  42.7
226.1  9.00  42.7
227.1  10.00  42.7
228.1  9.00  42.7
229.1  9.00  42.7
230.1  10.00  42.7
231.1  9.00  42.7
232.1  9.00  42.7
233.1  9.00  42.7
234.1  10.00  42.7
235.1  9.00  42.7
236.1  10.00  42.7
237.1  9.00  42.7
238.1  10.00  42.7
239.1  8.00  42.7
240.1  11.00  42.7
241.1  9.00  42.7
242.1  9.00  42.7
243.1  10.00  42.7
244.1  9.00  42.7
245.1  10.00  42.7
246.1  9.00  42.7
247.1  10.00  42.7
248.1  9.00  42.7
249.1  8.00  42.7
250.1  11.00  42.7
251.1  9.00  42.7
252.1  9.00  42.7
253.1  9.00  42.7
254.1  10.00  42.7
255.1  9.00  42.7
256.1  11.00  42.7
257.1  9.00  42.7
258.1  8.00  42.7
259.1  9.00  42.7
260.1  10.00  42.7
261.1  9.00  42.7
262.1  9.00  42.7
263.1  10.00  42.7
264.1  9.00  42.7
265.1  11.00  42.7
266.1  8.00  42.7
267.1  9.00  42.7
268.1  10.00  42.7
269.1  8.00  42.7
270.1  23.00  43.2
271.1  8.00  43.2
272.1  11.00  43.2
273.1  8.00  43.2
274.1  9.00  43.2
275.1  9.00  43.2
276.1  10.00  43.2
277.1  9.00  43.2
278.1  10.00  43.2
279.1  9.00  43.2
280.1  10.00  43.2
281.1  9.00  43.2
282.1  9.00  43.2
283.1  10.00  43.2
284.1  8.00  43.2
285.1  11.00  43.2
286.1  8.00  43.2
287.1  11.00  43.2
288.1  8.00  43.2
289.1  10.00  43.2
290.1  9.00  43.2
291.1  9.00  43.2
292.1  9.00  43.2
293.1  10.00  43.2
294.1  8.00  43.2
295.1  22.00  43.5
296.1  9.00  43.5
297.1  10.00  43.5
298.1  9.00  43.5
299.1  9.00  43.5
300.1  9.00  43.5
301.1  10.00  43.5
302.1  8.00  43.5
303.1  10.00  43.5
304.1  8.00  43.5
305.1  9.00  43.5
306.1  11.00  43.5
307.1  9.00  43.5
308.1  8.00  43.5
309.1  9.00  43.5
310.1  10.00  43.5
311.1  9.00  43.5
312.1  8.00  43.5
313.1  8.00  0.0
314.1  0.00  0.0

[SUMMARY]
n_samples:    314
cpu_mean_pct: 9.40
cpu_max_pct:  23.00
cpu_min_pct:  0.00
ram_mean_mb:  38.5
ram_max_mb:   43.5
ram_min_mb:   0.0
