# Resource monitor: async_slam_toolbox_node (algorithm=slam_toolbox)
# timestamp_s  cpu_pct  ram_mb
1.0  8.00  32.1
2.0  7.00  32.1
3.0  7.00  32.1
4.0  7.00  32.3
5.0  7.00  32.5
6.0  8.00  32.5
7.0  7.00  32.5
8.0  9.00  32.7
9.0  8.00  32.7
10.0  8.00  32.7
11.0  8.00  32.8
12.0  8.00  32.8
13.0  10.00  34.0
14.0  7.00  34.0
15.0  9.00  34.0
16.0  9.00  34.6
17.0  8.00  34.7
18.0  10.00  34.7
19.0  8.00  34.7
20.0  9.00  34.7
21.0  8.00  34.7
22.0  9.00  34.8
23.0  9.00  34.8
24.0  9.00  34.8
25.0  9.00  34.9
26.0  8.00  34.9
27.0  8.00  34.9
28.0  9.00  34.9
29.0  10.00  35.0
30.0  8.00  35.0
31.0  8.00  35.0
32.0  9.00  35.0
33.0  8.00  35.0
34.0  8.00  35.0
35.0  10.00  35.0
36.0  7.00  35.0
37.0  10.00  35.0
38.0  8.00  35.0
39.0  9.00  35.1
40.0  9.00  35.1
41.0  9.00  35.1
42.0  8.00  35.1
43.0  8.00  35.1
44.0  10.00  35.1
45.0  8.00  35.1
46.0  9.00  35.1
47.0  8.00  35.1
48.0  9.00  35.2
49.0  9.00  35.2
50.0  10.00  35.2
51.0  7.00  35.2
52.0  9.00  35.2
53.0  8.00  35.2
54.0  9.00  35.2
55.0  10.00  35.3
56.0  8.00  35.3
57.0  9.00  35.4
58.0  8.00  35.4
59.0  9.00  35.4
60.0  8.00  35.4
61.0  8.00  35.4
62.0  10.00  35.5
63.0  8.00  35.5
64.0  10.00  35.5
65.0  7.00  35.6
66.0  10.00  35.6
67.0  8.00  35.6
68.0  9.00  35.6
69.0  8.00  35.6
70.0  10.00  35.7
71.0  8.00  35.7
72.0  9.00  35.7
73.0  8.00  35.7
74.0  8.00  35.7
75.0  8.00  35.7
76.0  10.00  35.7
77.0  8.00  35.7
78.0  9.00  35.7
79.0  8.00  35.7
80.0  10.00  35.8
81.0  8.00  35.8
82.0  9.00  35.8
83.0  8.00  35.8
84.0  8.00  35.8
85.0  8.00  35.8
86.0  10.00  35.8
87.0  8.00  35.8
88.0  8.00  35.8
89.0  9.00  35.8
90.0  9.00  35.8
91.0  7.00  35.8
92.0  8.00  35.8
93.0  10.00  35.9
94.0  8.00  35.9
95.0  10.00  35.9
96.0  8.00  35.9
97.0  9.00  35.9
98.0  8.00  35.9
99.0  9.00  35.9
100.0  9.00  35.9
101.0  7.00  35.9
102.0  9.00  35.9
103.0  10.00  36.0
104.0  8.00  36.0
105.0  10.00  36.0
106.0  7.00  36.0
107.0  8.00  36.0
108.0  9.00  36.0
109.0  9.00  36.0
110.0  8.00  36.0
111.0  9.00  36.0
112.0  9.00  36.0
113.0  8.00  36.0
114.0  9.00  36.1
115.0  9.00  36.1
116.0  9.00  36.1
117.0  9.00  36.1
118.0  8.00  36.1
119.0  9.00  36.1
120.0  9.00  36.1
121.0  8.00  36.1
122.0  10.00  36.2
123.0  8.00  36.2
124.0  9.00  36.2
125.0  9.00  36.2
126.0  8.00  36.2
127.0  9.00  36.2
128.0  8.00  36.2
129.0  9.00  36.3
130.0  9.00  36.3
131.0  9.00  36.3
132.0  9.00  36.3
133.0  8.00  36.3
134.0  9.00  36.3
135.0  9.00  36.3
136.0  21.00  38.0
137.0  9.00  38.0
138.0  9.00  38.2
139.0  8.00  38.2
140.0  10.00  38.2
141.0  8.00  38.2
142.0  8.00  38.2
143.0  8.00  38.2
144.0  9.00  38.2
145.0  9.00  38.2
146.0  9.00  38.2
147.0  8.00  38.2
148.0  9.00  38.2
149.0  8.00  38.2
150.0  9.00  38.2
151.0  8.00  38.2
152.0  9.00  38.2
153.0  9.00  38.2
154.0  8.00  38.2
155.0  10.00  38.3
156.0  8.00  38.3
157.0  10.00  38.3
158.0  7.00  38.3
159.0  10.00  38.3
160.0  9.00  38.3
161.0  9.00  38.3
162.0  8.00  38.3
163.0  8.00  38.3
164.0  10.00  38.4
165.0  9.00  38.4
166.0  9.00  38.4
167.0  7.00  38.4
168.0  10.00  38.4
169.0  9.00  38.4
170.0  9.00  38.5
171.0  9.00  38.5
172.0  9.00  38.5
173.0  8.00  38.5
174.0  8.00  38.5
175.0  9.00  38.5
176.0  9.00  38.5
177.0  9.00  38.5
178.0  8.00  38.5
179.0  9.00  38.6
180.0  9.00  38.6
181.0  10.00  38.6
182.0  8.00  38.6
183.0  8.00  38.6
184.0  8.00  38.6
185.0  10.00  38.6
186.0  8.00  38.6
187.0  10.00  38.6
188.0  8.00  38.6
189.0  8.00  38.6
190.1  8.00  38.6
191.1  10.00  38.7
192.1  8.00  38.7
193.1  9.00  38.7
194.1  8.00  38.7
195.1  15.00  42.5
196.1  15.00  42.6
197.1  7.00  42.6
198.1  10.00  42.6
199.1  9.00  42.6
200.1  8.00  42.6
201.1  8.00  42.6
202.1  10.00  42.6
203.1  8.00  42.6
204.1  9.00  42.6
205.1  9.00  42.6
206.1  8.00  42.6
207.1  8.00  42.6
208.1  10.00  42.6
209.1  7.00  42.6
210.1  11.00  42.6
211.1  8.00  42.6
212.1  8.00  42.6
213.1  9.00  42.6
214.1  9.00  42.6
215.1  8.00  42.6
216.1  8.00  42.6
217.1  9.00  42.6
218.1  9.00  42.6
219.1  8.00  42.6
220.1  9.00  42.6
221.1  9.00  42.6
222.1  8.00  42.6
223.1  8.00  42.6
224.1  8.00  42.6
225.1  10.00  42.6
226.1  9.00  42.6
227.1  9.00  42.6
228.1  8.00  42.6
229.1  9.00  42.6
230.1  8.00  42.6
231.1  10.00  42.6
232.1  8.00  42.6
233.1  9.00  42.6
234.1  9.00  42.6
235.1  8.00  42.6
236.1  10.00  42.6
237.1  8.00  42.6
238.1  9.00  42.6
239.1  9.00  42.6
240.1  10.00  42.6
241.1  8.00  42.6
242.1  9.00  42.6
243.1  8.00  42.6
244.1  9.00  42.6
245.1  10.00  42.6
246.1  8.00  42.6
247.1  9.00  42.6
248.1  9.00  42.6
249.1  9.00  42.6
250.1  9.00  42.6
251.1  20.00  43.2
252.1  8.00  43.2
253.1  10.00  43.2
254.1  7.00  43.2
255.1  10.00  43.3
256.1  9.00  43.3
257.1  8.00  43.3
258.1  8.00  43.3
259.1  9.00  43.3
260.1  10.00  43.3
261.1  8.00  43.3
262.1  8.00  43.3
263.1  9.00  43.3
264.1  7.00  43.3
265.1  23.00  43.5
266.1  7.00  43.5
267.1  8.00  43.5
268.1  10.00  43.5
269.1  9.00  43.5
270.1  9.00  43.5
271.1  9.00  43.5
272.1  9.00  43.5
273.1  8.00  43.5
274.1  10.00  43.5
275.1  9.00  43.5
276.1  8.00  43.6
277.1  9.00  43.6
278.1  8.00  43.6
279.1  10.00  43.6
280.1  8.00  43.6
281.1  11.00  43.6
282.1  8.00  43.6
283.1  9.00  43.6
284.1  8.00  43.6
285.1  10.00  43.6
286.1  9.00  43.6
287.1  7.00  43.6
288.1  10.00  43.6
289.1  8.00  43.6
290.1  10.00  43.6
291.1  8.00  43.6
292.1  10.00  43.6
293.1  7.00  43.6
294.1  11.00  43.6
295.1  8.00  43.6
296.1  9.00  43.6
297.1  9.00  43.6
298.1  7.00  43.6
299.1  9.00  43.6
300.1  11.00  43.6
301.1  7.00  43.6
302.1  9.00  43.6
303.1  9.00  43.6
304.1  8.00  43.6
305.1  9.00  43.6
306.1  9.00  43.6
307.1  8.00  43.6
308.1  19.00  44.0
309.1  8.00  44.0
310.1  9.00  44.0
311.1  21.00  44.0
312.1  8.00  44.1
313.1  9.00  44.1
314.1  8.00  44.1
315.1  10.00  44.1
316.1  7.00  44.1
317.1  10.00  44.1
318.1  8.00  44.1
319.1  10.00  44.1
320.1  8.00  44.1
321.1  9.00  44.1
322.1  8.00  44.1
323.1  9.00  44.1
324.1  8.00  44.1
325.1  11.00  44.1
326.1  7.00  44.1
327.1  10.00  44.1
328.1  9.00  44.1
329.1  7.00  44.1
330.1  11.00  44.1
331.1  7.00  44.1
332.1  9.00  44.1
333.1  8.00  44.1
334.1  9.00  44.1
335.1  9.00  44.1
336.1  10.00  44.1
337.1  8.00  44.1
338.1  8.00  44.1
339.1  8.00  44.1
340.1  11.00  44.1
341.1  7.00  44.1
342.1  10.00  44.1
343.1  7.00  44.1
344.1  11.00  44.1
345.1  8.00  44.1
346.1  9.00  44.1
347.1  9.00  44.1
348.1  8.00  44.1
349.1  10.00  44.1
350.1  8.00  44.1
351.1  10.00  44.1
352.1  8.00  44.1
353.1  10.00  44.1
354.1  7.00  44.1
355.1  11.00  44.1
356.1  9.00  44.1
357.1  8.00  44.1
358.1  8.00  44.1
359.1  8.00  44.1
360.1  9.00  44.1
361.1  9.00  44.1
362.1  7.00  0.0
363.1  0.00  0.0

[SUMMARY]
n_samples:    363
cpu_mean_pct: 8.84
cpu_max_pct:  23.00
cpu_min_pct:  0.00
ram_mean_mb:  39.3
ram_max_mb:   44.1
ram_min_mb:   0.0
