# Resource monitor: nav2_amcl (algorithm=amcl)
# timestamp_s  cpu_pct  ram_mb
1.0  8.00  28.3
2.0  8.00  28.3
3.0  9.00  28.3
4.0  8.00  28.4
5.0  8.00  28.4
6.0  8.00  28.4
7.0  8.00  28.4
8.0  8.00  28.6
9.0  8.00  28.6
10.0  9.00  28.6
11.0  8.00  28.6
12.0  9.00  28.6
13.0  8.00  28.6
14.0  9.00  28.6
15.0  8.00  28.6
16.0  9.00  28.6
17.0  8.00  28.6
18.0  8.00  28.6
19.0  10.00  28.6
20.0  8.00  28.6
21.0  10.00  28.6
22.0  7.00  28.6
23.0  9.00  28.6
24.0  8.00  28.6
25.0  9.00  28.6
26.0  9.00  28.6
27.0  9.00  28.6
28.0  9.00  28.6
29.0  8.00  28.6
30.0  9.00  28.6
31.0  9.00  28.6
32.0  8.00  28.6
33.0  9.00  28.6
34.0  8.00  28.6
35.0  9.00  28.6
36.0  8.00  28.6
37.0  9.00  28.6
38.0  8.00  28.6
39.0  9.00  28.6
40.0  9.00  28.6
41.0  9.00  28.6
42.0  8.00  28.6
43.0  9.00  28.7
44.0  9.00  28.7
45.0  9.00  28.7
46.0  9.00  28.7
47.0  9.00  28.7
48.0  8.00  28.7
49.0  8.00  28.7
50.0  9.00  28.7
51.0  8.00  28.7
52.0  9.00  28.7
53.0  9.00  28.7
54.0  9.00  28.7
55.0  9.00  28.7
56.0  8.00  28.7
57.0  9.00  28.7
58.0  8.00  28.7
59.0  10.00  28.7
60.0  7.00  28.7
61.0  9.00  28.7
62.0  9.00  28.7
63.0  9.00  28.7
64.0  9.00  28.7
65.0  8.00  28.7
66.0  10.00  28.7
67.0  8.00  28.7
68.0  9.00  28.7
69.0  8.00  28.7
70.0  11.00  28.7
71.0  7.00  28.7
72.0  10.00  28.7
73.0  8.00  28.7
74.0  10.00  28.7
75.0  7.00  28.7
76.0  9.00  28.7
77.0  9.00  28.7
78.0  9.00  28.7
79.0  9.00  28.7
80.0  8.00  28.7
81.0  9.00  28.7
82.0  8.00  28.7
83.0  10.00  28.7
84.0  8.00  28.7
85.0  9.00  28.7
86.0  8.00  28.7
87.0  9.00  28.7
88.0  9.00  28.7
89.0  9.00  28.7
90.0  9.00  28.7
91.0  9.00  28.7
92.0  8.00  28.7
93.0  9.00  28.7
94.0  9.00  28.7
95.0  10.00  28.7
96.0  9.00  28.8
97.0  8.00  28.8
98.0  9.00  28.8
99.0  9.00  28.8
100.0  8.00  28.8
101.0  9.00  28.8
102.0  9.00  28.8
103.0  9.00  28.8
104.0  8.00  28.8
105.0  10.00  28.8
106.0  8.00  28.8
107.0  9.00  28.8
108.0  9.00  28.8
109.0  8.00  28.8
110.0  9.00  28.8
111.0  9.00  28.8
112.0  9.00  28.8
113.0  8.00  28.8
114.0  9.00  28.8
115.0  9.00  28.8
116.0  9.00  28.8
117.0  10.00  28.9
118.0  9.00  28.9
119.0  9.00  28.9
120.0  9.00  28.9
121.0  9.00  28.9
122.0  9.00  28.9
123.0  9.00  28.9
124.0  9.00  28.9
125.0  8.00  28.9
126.0  9.00  28.9
127.0  8.00  28.9
128.0  9.00  28.9
129.0  10.00  28.9
130.0  9.00  28.9
131.0  8.00  28.9
132.0  9.00  28.9
133.0  8.00  28.9
134.0  9.00  28.9
135.0  9.00  28.9
136.0  9.00  28.9
137.0  9.00  28.9
138.0  9.00  28.9
139.0  8.00  28.9
140.0  9.00  28.9
141.0  10.00  28.9
142.0  8.00  28.9
143.0  10.00  28.9
144.0  8.00  28.9
145.0  10.00  28.9
146.0  9.00  28.9
147.0  9.00  28.9
148.0  9.00  28.9
149.0  8.00  28.9
150.0  10.00  28.9
151.0  8.00  28.9
152.0  9.00  28.9
153.0  9.00  28.9
154.0  8.00  28.9
155.0  9.00  28.9
156.0  9.00  28.9
157.0  9.00  28.9
158.0  8.00  28.9
159.0  9.00  28.9
160.0  9.00  28.9
161.0  9.00  28.9
162.0  9.00  28.9
163.0  9.00  28.9
164.0  9.00  29.0
165.0  8.00  29.0
166.0  9.00  29.0
167.0  9.00  29.0
168.0  9.00  29.0
169.0  9.00  29.0
170.0  8.00  29.0
171.0  10.00  29.0
172.0  9.00  29.0
173.0  8.00  29.0
174.0  10.00  29.0
175.0  7.00  29.0
176.0  10.00  29.0
177.0  9.00  29.0
178.0  8.00  29.0
179.0  10.00  29.0
180.0  8.00  29.0
181.0  9.00  29.0
182.0  10.00  29.0
183.0  8.00  29.0
184.0  9.00  29.0
185.0  8.00  29.0
186.0  9.00  29.0
187.0  9.00  29.0
188.0  9.00  29.0
189.0  8.00  29.0
190.0  9.00  29.0
191.0  9.00  29.0
192.0  9.00  29.0
193.0  9.00  29.0
194.0  8.00  29.0
195.0  9.00  29.0
196.0  9.00  29.0
197.0  9.00  29.0
198.1  9.00  29.0
199.1  9.00  29.0
200.1  9.00  29.0
201.1  9.00  29.0
202.1  9.00  29.0
203.1  8.00  29.0
204.1  8.00  29.0
205.1  9.00  29.0
206.1  9.00  29.0
207.1  9.00  29.0
208.1  9.00  29.0
209.1  9.00  29.0
210.1  9.00  29.0
211.1  9.00  29.0
212.1  8.00  29.0
213.1  9.00  29.0
214.1  9.00  29.0
215.1  9.00  29.0
216.1  9.00  29.0
217.1  8.00  29.0
218.1  9.00  29.1
219.1  9.00  29.1
220.1  10.00  29.1
221.1  9.00  29.1
222.1  9.00  29.1
223.1  11.00  29.1
224.1  8.00  29.1
225.1  9.00  29.1
226.1  8.00  29.1
227.1  10.00  29.1
228.1  8.00  29.1
229.1  10.00  29.1
230.1  8.00  29.1
231.1  10.00  29.1
232.1  9.00  29.1
233.1  9.00  29.1
234.1  10.00  29.1
235.1  8.00  29.1
236.1  10.00  29.1
237.1  8.00  29.1
238.1  9.00  29.1
239.1  9.00  29.1
240.1  10.00  29.1
241.1  8.00  29.1
242.1  10.00  29.2
243.1  9.00  29.2
244.1  10.00  29.2
245.1  9.00  29.2
246.1  9.00  29.2
247.1  9.00  29.2
248.1  12.00  29.2
249.1  8.00  29.2
250.1  9.00  29.2
251.1  9.00  29.2
252.1  9.00  29.2
253.1  9.00  29.2
254.1  10.00  29.2
255.1  8.00  29.2
256.1  9.00  29.2
257.1  10.00  29.2
258.1  9.00  29.2
259.1  9.00  29.2
260.1  9.00  29.2
261.1  9.00  29.2
262.1  9.00  29.2
263.1  9.00  29.2
264.1  9.00  29.2
265.1  9.00  29.2
266.1  9.00  29.2
267.1  9.00  29.2
268.1  8.00  29.2
269.1  10.00  29.2
270.1  9.00  29.2
271.1  8.00  29.2
272.1  9.00  29.2
273.1  9.00  29.2
274.1  10.00  29.2
275.1  8.00  29.2
276.1  10.00  29.2
277.1  8.00  29.2
278.1  9.00  29.2
279.1  9.00  29.2
280.1  9.00  29.2
281.1  9.00  29.2
282.1  10.00  29.2
283.1  9.00  29.2
284.1  9.00  29.2
285.1  9.00  29.2
286.1  9.00  29.2
287.1  9.00  29.2
288.1  9.00  29.2
289.1  8.00  29.2
290.1  10.00  29.2
291.1  8.00  29.2
292.1  9.00  29.2
293.1  9.00  29.2
294.1  9.00  29.2
295.1  9.00  29.2
296.1  9.00  29.2
297.1  9.00  29.2
298.1  9.00  29.2
299.1  10.00  29.2
300.1  9.00  29.2
301.1  8.00  29.2
302.1  9.00  29.2
303.1  9.00  29.2
304.1  8.00  29.3
305.1  9.00  29.3
306.1  9.00  29.3
307.1  8.00  29.3
308.1  9.00  29.3
309.1  8.00  29.3
310.1  10.00  29.3
311.1  8.00  29.3
312.1  9.00  29.3
313.1  8.00  29.3
314.1  10.00  29.3
315.1  7.00  29.3
316.1  9.00  29.3
317.1  9.00  29.3
318.1  9.00  29.3
319.1  8.00  29.3
320.1  9.00  29.3
321.1  8.00  29.3
322.1  6.00  28.6
323.1  1.00  28.6

[SUMMARY]
n_samples:    323
cpu_mean_pct: 8.80
cpu_max_pct:  12.00
cpu_min_pct:  1.00
ram_mean_mb:  28.9
ram_max_mb:   29.3
ram_min_mb:   28.3
