# Resource monitor: nav2_amcl (algorithm=amcl)
# timestamp_s  cpu_pct  ram_mb
1.0  8.00  28.8
2.0  9.00  28.9
3.0  7.00  28.9
4.0  9.00  28.9
5.0  7.00  29.0
6.0  8.00  29.0
7.0  7.00  29.0
8.0  9.00  29.1
9.0  8.00  29.1
10.0  9.00  29.1
11.0  8.00  29.1
12.0  9.00  29.2
13.0  9.00  29.2
14.0  9.00  29.2
15.0  8.00  29.2
16.0  9.00  29.2
17.0  8.00  29.2
18.0  9.00  29.2
19.0  8.00  29.2
20.0  9.00  29.2
21.0  9.00  29.2
22.0  8.00  29.2
23.0  8.00  29.2
24.0  9.00  29.3
25.0  9.00  29.3
26.0  9.00  29.3
27.0  7.00  29.3
28.0  10.00  29.3
29.0  8.00  29.3
30.0  9.00  29.3
31.0  8.00  29.3
32.0  9.00  29.3
33.0  9.00  29.3
34.0  8.00  29.3
35.0  9.00  29.3
36.0  8.00  29.3
37.0  10.00  29.3
38.0  9.00  29.3
39.0  7.00  29.3
40.0  10.00  29.3
41.0  8.00  29.3
42.0  10.00  29.3
43.0  8.00  29.3
44.0  9.00  29.3
45.0  8.00  29.3
46.0  9.00  29.3
47.0  9.00  29.3
48.0  8.00  29.3
49.0  9.00  29.3
50.0  8.00  29.3
51.0  9.00  29.3
52.0  8.00  29.3
53.0  9.00  29.3
54.0  9.00  29.3
55.0  9.00  29.3
56.0  8.00  29.3
57.0  9.00  29.3
58.0  8.00  29.3
59.0  9.00  29.3
60.0  9.00  29.3
61.0  9.00  29.3
62.0  8.00  29.3
63.0  9.00  29.3
64.0  8.00  29.3
65.0  9.00  29.3
66.0  9.00  29.3
67.0  9.00  29.3
68.0  10.00  29.3
69.0  8.00  29.3
70.0  9.00  29.3
71.0  9.00  29.3
72.0  8.00  29.3
73.0  9.00  29.4
74.0  9.00  29.4
75.0  8.00  29.4
76.0  9.00  29.4
77.0  9.00  29.4
78.0  8.00  29.4
79.0  9.00  29.4
80.0  8.00  29.4
81.0  9.00  29.4
82.0  9.00  29.4
83.0  9.00  29.4
84.0  9.00  29.4
85.0  9.00  29.4
86.0  8.00  29.4
87.0  8.00  29.4
88.0  9.00  29.4
89.0  9.00  29.4
90.0  9.00  29.4
91.0  9.00  29.4
92.0  9.00  29.4
93.0  8.00  29.4
94.0  9.00  29.4
95.0  9.00  29.4
96.0  10.00  29.4
97.0  8.00  29.4
98.0  9.00  29.4
99.0  9.00  29.4
100.0  7.00  29.4
101.0  10.00  29.4
102.0  8.00  29.4
103.0  9.00  29.4
104.0  8.00  29.4
105.0  9.00  29.4
106.0  9.00  29.4
107.0  9.00  29.4
108.0  9.00  29.4
109.0  9.00  29.4
110.0  9.00  29.4
111.0  8.00  29.4
112.0  9.00  29.4
113.0  9.00  29.4
114.0  9.00  29.4
115.0  9.00  29.4
116.0  10.00  29.4
117.0  8.00  29.4
118.0  8.00  29.4
119.0  10.00  29.4
120.0  8.00  29.4
121.0  9.00  29.4
122.0  9.00  29.4
123.0  8.00  29.4
124.0  9.00  29.4
125.0  9.00  29.4
126.0  8.00  29.4
127.0  8.00  29.4
128.0  9.00  29.4
129.0  10.00  29.4
130.0  7.00  29.4
131.0  10.00  29.4
132.0  9.00  29.4
133.0  8.00  29.4
134.0  9.00  29.4
135.0  9.00  29.4
136.0  9.00  29.5
137.0  9.00  29.5
138.0  8.00  29.5
139.0  9.00  29.5
140.0  9.00  29.5
141.0  9.00  29.5
142.0  8.00  29.5
143.0  9.00  29.5
144.0  8.00  29.5
145.0  9.00  29.5
146.0  9.00  29.5
147.0  9.00  29.5
148.0  8.00  29.5
149.0  10.00  29.5
150.0  8.00  29.5
151.0  10.00  29.5
152.0  8.00  29.5
153.0  9.00  29.5
154.0  9.00  29.5
155.0  9.00  29.5
156.0  8.00  29.5
157.0  10.00  29.5
158.0  9.00  29.5
159.0  9.00  29.5
160.0  8.00  29.5
161.0  9.00  29.5
162.0  9.00  29.5
163.0  9.00  29.5
164.0  8.00  29.5
165.0  9.00  29.5
166.0  8.00  29.5
167.0  9.00  29.5
168.0  9.00  29.5
169.0  8.00  29.5
170.0  9.00  29.5
171.0  9.00  29.5
172.0  9.00  29.5
173.0  8.00  29.5
174.0  10.00  29.5
175.0  7.00  29.5
176.0  9.00  29.5
177.0  10.00  29.5
178.0  9.00  29.5
179.0  8.00  29.5
180.0  8.00  29.5
181.0  9.00  29.5
182.0  9.00  29.5
183.0  8.00  29.5
184.0  9.00  29.5
185.0  8.00  29.6
186.0  9.00  29.6
187.0  9.00  29.6
188.0  9.00  29.6
189.0  8.00  29.6
190.0  9.00  29.6
191.0  9.00  29.6
192.0  8.00  29.6
193.0  9.00  29.6
194.0  9.00  29.6
195.0  8.00  29.6
196.0  9.00  29.6
197.0  8.00  29.6
198.0  9.00  29.6
199.1  9.00  29.6
200.1  9.00  29.6
201.1  9.00  29.6
202.1  9.00  29.6
203.1  9.00  29.6
204.1  7.00  29.6
205.1  10.00  29.6
206.1  8.00  29.6
207.1  9.00  29.6
208.1  8.00  29.6
209.1  10.00  29.6
210.1  9.00  29.6
211.1  9.00  29.6
212.1  8.00  29.6
213.1  8.00  29.6
214.1  10.00  29.6
215.1  9.00  29.6
216.1  8.00  29.6
217.1  9.00  29.6
218.1  9.00  29.6
219.1  9.00  29.6
220.1  8.00  29.6
221.1  9.00  29.6
222.1  8.00  29.6
223.1  9.00  29.6
224.1  10.00  29.6
225.1  9.00  29.7
226.1  9.00  29.7
227.1  8.00  29.7
228.1  8.00  29.7
229.1  10.00  29.7
230.1  9.00  29.7
231.1  8.00  29.7
232.1  10.00  29.7
233.1  9.00  29.7
234.1  9.00  29.7
235.1  8.00  29.7
236.1  8.00  29.7
237.1  8.00  29.7
238.1  10.00  29.7
239.1  9.00  29.7
240.1  8.00  29.7
241.1  9.00  29.7
242.1  8.00  29.7
243.1  9.00  29.7
244.1  9.00  29.7
245.1  9.00  29.7
246.1  8.00  29.7
247.1  10.00  29.7
248.1  9.00  29.7
249.1  8.00  29.7
250.1  9.00  29.7
251.1  9.00  29.7
252.1  8.00  29.7
253.1  11.00  29.7
254.1  8.00  29.7
255.1  8.00  29.7
256.1  9.00  29.7
257.1  9.00  29.7
258.1  9.00  29.7
259.1  8.00  29.7
260.1  9.00  29.7
261.1  9.00  29.7
262.1  8.00  29.7
263.1  10.00  29.7
264.1  8.00  29.7
265.1  10.00  29.7
266.1  7.00  29.7
267.1  10.00  29.7
268.1  8.00  29.7
269.1  9.00  29.7
270.1  9.00  29.7
271.1  8.00  29.7
272.1  10.00  29.7
273.1  8.00  29.7
274.1  9.00  29.7
275.1  9.00  29.7
276.1  9.00  29.7
277.1  8.00  29.7
278.1  9.00  29.7
279.1  9.00  29.7
280.1  9.00  29.7
281.1  9.00  29.7
282.1  8.00  29.7
283.1  9.00  29.7
284.1  8.00  29.7
285.1  9.00  29.7
286.1  9.00  29.7
287.1  9.00  29.7
288.1  9.00  29.7
289.1  9.00  29.8
290.1  9.00  29.8
291.1  8.00  29.8
292.1  9.00  29.8
293.1  9.00  29.8
294.1  10.00  29.8
295.1  8.00  29.8
296.1  9.00  29.8
297.1  9.00  29.8
298.1  9.00  29.8
299.1  8.00  29.8
300.1  9.00  29.8
301.1  9.00  29.8
302.1  9.00  29.8
303.1  8.00  29.8
304.1  10.00  29.8
305.1  9.00  29.8
306.1  8.00  29.8
307.1  9.00  29.8
308.1  10.00  29.8
309.1  9.00  29.8
310.1  8.00  29.8
311.1  9.00  29.8
312.1  9.00  29.8
313.1  9.00  29.8
314.1  8.00  29.8
315.1  9.00  29.8
316.1  9.00  29.8
317.1  8.00  29.8
318.1  9.00  29.8
319.1  9.00  29.8
320.1  9.00  29.8
321.1  9.00  29.8
322.1  9.00  29.8
323.1  8.00  29.8
324.1  9.00  29.8
325.1  9.00  29.8
326.1  9.00  29.8
327.1  8.00  29.8
328.1  8.00  29.8
329.1  10.00  29.8
330.1  9.00  29.8
331.1  8.00  29.8
332.1  9.00  29.8
333.1  8.00  29.8
334.1  10.00  29.8
335.1  9.00  29.8
336.1  8.00  29.8
337.1  9.00  29.8
338.1  8.00  29.8
339.1  10.00  29.8
340.1  9.00  29.8
341.1  8.00  29.8
342.1  10.00  29.8
343.1  9.00  29.8
344.1  8.00  29.8
345.1  8.00  29.8
346.1  9.00  29.8
347.1  9.00  29.8
348.1  9.00  29.8
349.1  9.00  29.8
350.1  9.00  29.8
351.1  9.00  29.8
352.1  9.00  29.8
353.1  8.00  29.9
354.1  9.00  29.9
355.1  9.00  29.9
356.1  9.00  29.9
357.1  9.00  29.9
358.1  8.00  29.9
359.1  10.00  29.9
360.1  9.00  29.9
361.1  8.00  29.9
362.1  9.00  29.9
363.1  9.00  29.9
364.1  9.00  29.9
365.1  9.00  29.9
366.1  8.00  29.9
367.1  9.00  29.9
368.1  9.00  29.9
369.1  9.00  29.9
370.1  9.00  29.9
371.1  8.00  29.9
372.1  9.00  29.9
373.1  8.00  29.9
374.1  9.00  29.9
375.1  9.00  29.9
376.1  8.00  29.9
377.1  10.00  29.9
378.1  8.00  29.9
379.1  10.00  29.9
380.1  8.00  29.9
381.1  9.00  29.9
382.1  11.00  29.9
383.1  8.00  29.9
384.1  9.00  29.9
385.1  8.00  29.9
386.1  10.00  29.9
387.1  8.00  29.9
388.1  9.00  29.9
389.1  10.00  29.9
390.1  8.00  29.9
391.1  8.00  29.9
392.1  9.00  29.9
393.1  9.00  30.0
394.1  9.00  30.0
395.1  9.00  30.0
396.1  9.00  30.0
397.1  9.00  30.0
398.1  9.00  30.0
399.1  9.00  30.0
400.1  8.00  30.0
401.1  9.00  30.0
402.1  9.00  30.0
403.1  9.00  30.0
404.1  9.00  30.0
405.1  10.00  30.1
406.1  9.00  30.1
407.1  10.00  30.1
408.1  10.00  30.1
409.1  9.00  30.1
410.1  11.00  30.1
411.1  9.00  30.1
412.1  9.00  30.1
413.1  9.00  30.1
414.1  9.00  30.1
415.1  9.00  30.1
416.1  9.00  30.1
417.1  9.00  30.1
418.1  9.00  30.1
419.1  8.00  30.1
420.1  10.00  30.1
421.1  8.00  30.1
422.1  9.00  30.1
423.1  10.00  30.1
424.1  9.00  30.1
425.1  9.00  30.1
426.1  9.00  30.1
427.1  9.00  30.1
428.1  9.00  30.1
429.1  10.00  30.1
430.1  10.00  30.1
431.1  9.00  30.1
432.1  8.00  30.1
433.1  9.00  30.1
434.1  9.00  30.1
435.1  9.00  30.1
436.1  9.00  30.1
437.1  9.00  30.1
438.1  8.00  30.1
439.1  9.00  30.1
440.1  9.00  30.1
441.1  8.00  30.1
442.1  10.00  30.1
443.1  9.00  30.1
444.1  9.00  30.1
445.1  9.00  30.1
446.1  9.00  30.1
447.1  10.00  30.1
448.1  9.00  30.1
449.1  9.00  30.1
450.1  9.00  30.1
451.1  10.00  30.1
452.1  9.00  30.1
453.1  8.00  30.1
454.1  9.00  30.1
455.1  9.00  30.1
456.1  9.00  29.3
457.1  8.00  29.3
458.1  10.00  29.3
459.1  9.00  29.3
460.1  9.00  29.3
461.1  8.00  29.3
462.1  9.00  29.3
463.1  9.00  29.3
464.1  9.00  29.3
465.1  9.00  29.3
466.1  10.00  29.3
467.1  9.00  29.3
468.1  9.00  29.3
469.1  8.00  29.3
470.1  9.00  29.3
471.1  8.00  29.3
472.1  10.00  29.3
473.1  10.00  29.3
474.1  8.00  29.3
475.1  9.00  29.3
476.1  8.00  29.3
477.1  10.00  29.3
478.1  9.00  29.3
479.1  8.00  29.3
480.1  9.00  29.3
481.1  8.00  29.3
482.1  9.00  29.3
483.1  9.00  29.3
484.1  9.00  29.3
485.1  8.00  29.3
486.1  9.00  29.3
487.1  8.00  29.3
488.1  9.00  28.5
489.1  1.00  28.6
490.1  0.00  28.5

[SUMMARY]
n_samples:    490
cpu_mean_pct: 8.76
cpu_max_pct:  11.00
cpu_min_pct:  0.00
ram_mean_mb:  29.6
ram_max_mb:   30.1
ram_min_mb:   28.5
