# Resource monitor: async_slam_toolbox_node (algorithm=slam_toolbox)
# timestamp_s  cpu_pct  ram_mb
1.0  8.00  32.1
2.0  8.00  32.1
3.0  7.00  32.2
4.0  8.00  32.3
5.0  8.00  32.5
6.0  8.00  32.5
7.0  7.00  32.5
8.0  10.00  32.7
9.0  8.00  32.7
10.0  9.00  32.7
11.0  9.00  32.7
12.0  8.00  32.8
13.0  11.00  34.0
14.0  8.00  34.0
15.0  10.00  34.6
16.0  8.00  34.6
17.0  9.00  34.6
18.0  10.00  34.7
19.0  9.00  34.7
20.0  10.00  34.8
21.0  8.00  34.8
22.0  8.00  34.8
23.0  11.00  34.8
24.0  9.00  34.8
25.0  10.00  34.9
26.0  8.00  34.9
27.0  8.00  34.9
28.0  10.00  34.9
29.0  9.00  34.9
30.0  10.00  34.9
31.0  10.00  34.9
32.0  8.00  34.9
33.0  10.00  35.0
34.0  8.00  35.0
35.0  11.00  35.0
36.0  8.00  35.0
37.0  10.00  35.0
38.0  9.00  35.0
39.0  10.00  35.1
40.0  9.00  35.2
41.0  8.00  35.2
42.0  10.00  35.2
43.0  9.00  35.2
44.0  8.00  35.2
45.0  10.00  35.2
46.0  9.00  35.2
47.0  9.00  35.2
48.0  10.00  35.2
49.0  8.00  35.2
50.0  11.00  35.2
51.0  7.00  35.2
52.0  9.00  35.3
53.0  9.00  35.3
54.0  9.00  35.3
55.0  9.00  35.3
56.0  11.00  35.3
57.0  8.00  35.3
58.0  10.00  35.3
59.0  9.00  35.3
60.0  10.00  35.3
61.0  8.00  35.3
62.0  11.00  35.4
63.0  8.00  35.4
64.0  10.00  35.4
65.0  9.00  35.4
66.0  9.00  35.4
67.0  10.00  35.4
68.0  8.00  35.4
69.0  10.00  35.4
70.0  8.00  35.4
71.0  9.00  35.4
72.0  10.00  35.5
73.0  9.00  35.5
74.0  10.00  35.5
75.0  9.00  35.5
76.0  11.00  35.5
77.0  8.00  35.5
78.0  8.00  35.5
79.0  10.00  35.6
80.0  9.00  35.6
81.0  10.00  35.6
82.0  9.00  35.6
83.0  10.00  35.6
84.0  9.00  35.6
85.0  10.00  35.6
86.0  9.00  35.6
87.0  9.00  35.6
88.0  9.00  35.6
89.0  10.00  35.7
90.0  9.00  35.7
91.0  9.00  35.7
92.0  10.00  35.7
93.0  8.00  35.7
94.0  9.00  35.7
95.0  10.00  35.7
96.0  9.00  35.7
97.0  10.00  35.8
98.0  9.00  35.8
99.0  10.00  35.8
100.0  9.00  35.8
101.0  9.00  35.8
102.0  8.00  35.8
103.0  10.00  35.8
104.0  9.00  35.8
105.0  10.00  35.8
106.0  8.00  35.8
107.0  11.00  35.8
108.0  8.00  35.8
109.0  10.00  35.9
110.0  9.00  35.9
111.0  9.00  35.9
112.0  10.00  35.9
113.0  9.00  35.9
114.0  10.00  35.9
115.0  9.00  35.9
116.0  11.00  35.9
117.0  7.00  35.9
118.0  9.00  35.9
119.0  9.00  35.9
120.0  10.00  36.0
121.0  9.00  36.0
122.0  11.00  36.0
123.0  8.00  36.0
124.0  22.00  37.7
125.0  9.00  37.7
126.0  8.00  37.7
127.0  9.00  37.7
128.0  11.00  37.8
129.0  8.00  37.8
130.0  10.00  37.8
131.0  9.00  37.8
132.0  10.00  37.8
133.0  9.00  37.8
134.0  8.00  37.8
135.0  10.00  37.8
136.0  9.00  37.8
137.0  11.00  37.8
138.0  8.00  37.8
139.0  10.00  37.9
140.0  9.00  37.9
141.0  10.00  37.9
142.0  9.00  37.9
143.0  8.00  37.9
144.0  10.00  37.9
145.0  9.00  37.9
146.0  10.00  38.0
147.0  9.00  38.0
148.0  10.00  38.0
149.0  8.00  38.0
150.0  9.00  38.0
151.0  10.00  38.0
152.0  9.00  38.0
153.0  10.00  38.0
154.0  9.00  38.0
155.0  10.00  38.0
156.0  9.00  38.0
157.0  9.00  38.1
158.0  10.00  38.1
159.0  8.00  38.1
160.0  10.00  38.1
161.0  9.00  38.1
162.0  10.00  38.1
163.0  9.00  38.1
164.0  10.00  38.1
165.0  9.00  38.1
166.0  10.00  38.2
167.0  8.00  38.2
168.0  9.00  38.2
169.0  11.00  38.2
170.0  8.00  38.2
171.0  22.00  42.0
172.0  8.00  42.0
173.0  10.00  42.0
174.0  9.00  42.0
175.0  9.00  42.0
176.0  9.00  42.0
177.0  10.00  42.0
178.0  8.00  42.0
179.0  10.00  42.0
180.0  10.00  42.0
181.0  10.00  42.0
182.0  8.00  42.0
183.0  10.00  42.0
184.0  11.00  42.0
185.0  10.00  42.0
186.0  9.00  42.0
187.0  10.00  42.0
188.1  11.00  42.0
189.1  8.00  42.0
190.1  12.00  42.0
191.1  8.00  42.0
192.1  10.00  42.0
193.1  8.00  42.0
194.1  10.00  42.0
195.1  9.00  42.0
196.1  10.00  42.1
197.1  9.00  42.1
198.1  9.00  42.1
199.1  10.00  42.1
200.1  9.00  42.1
201.1  8.00  42.1
202.1  10.00  42.1
203.1  8.00  42.1
204.1  9.00  42.1
205.1  11.00  42.1
206.1  9.00  42.1
207.1  10.00  42.1
208.1  8.00  42.1
209.1  10.00  42.1
210.1  9.00  42.1
211.1  10.00  42.1
212.1  9.00  42.1
213.1  8.00  42.1
214.1  11.00  42.1
215.1  9.00  42.1
216.1  9.00  42.1
217.1  9.00  42.1
218.1  8.00  42.1
219.1  11.00  42.1
220.1  9.00  42.1
221.1  10.00  42.1
222.1  9.00  42.1
223.1  22.00  42.6
224.1  8.00  42.6
225.1  11.00  42.6
226.1  8.00  42.6
227.1  9.00  42.6
228.1  10.00  42.6
229.1  9.00  42.6
230.1  11.00  42.6
231.1  7.00  42.6
232.1  11.00  42.6
233.1  9.00  42.6
234.1  10.00  42.6
235.1  9.00  42.6
236.1  10.00  42.6
237.1  9.00  42.6
238.1  8.00  42.6
239.1  10.00  42.6
240.1  10.00  42.6
241.1  10.00  42.6
242.1  8.00  42.6
243.1  9.00  42.6
244.1  10.00  42.6
245.1  9.00  42.6
246.1  21.00  42.8
247.1  9.00  42.8
248.1  10.00  42.8
249.1  9.00  42.8
250.1  9.00  42.8
251.1  9.00  42.8
252.1  9.00  42.8
253.1  9.00  42.8
254.1  10.00  42.8
255.1  10.00  42.8
256.1  10.00  42.9
257.1  8.00  42.9
258.1  10.00  42.9
259.1  9.00  42.9
260.1  9.00  42.9
261.1  10.00  42.9
262.1  9.00  42.9
263.1  10.00  42.9
264.1  9.00  42.9
265.1  10.00  42.9
266.1  9.00  42.9
267.1  9.00  42.9
268.1  8.00  42.9
269.1  11.00  42.9
270.1  8.00  42.9
271.1  22.00  43.1
272.1  10.00  43.1
273.1  9.00  43.1
274.1  8.00  43.1
275.1  10.00  43.1
276.1  8.00  43.1
277.1  11.00  43.1
278.1  8.00  43.1
279.1  11.00  43.1
280.1  8.00  43.1
281.1  10.00  43.1
282.1  9.00  43.1
283.1  9.00  43.1
284.1  10.00  43.1
285.1  10.00  43.1
286.1  10.00  43.1
287.1  8.00  43.1
288.1  10.00  43.1
289.1  9.00  43.1
290.1  10.00  43.1
291.1  9.00  43.1
292.1  9.00  43.1
293.1  10.00  43.1
294.1  9.00  43.1
295.1  10.00  43.1
296.1  9.00  43.1
297.1  10.00  43.1
298.1  8.00  43.1
299.1  11.00  43.1
300.1  10.00  43.1
301.1  8.00  43.1
302.1  10.00  43.1
303.1  9.00  43.1
304.1  9.00  43.1
305.1  10.00  43.2
306.1  10.00  43.2
307.1  9.00  43.2
308.1  8.00  43.2
309.1  10.00  43.2
310.1  9.00  43.2
311.1  10.00  43.2
312.1  8.00  43.2
313.1  8.00  43.2
314.1  2.00  0.0

[SUMMARY]
n_samples:    314
cpu_mean_pct: 9.42
cpu_max_pct:  22.00
cpu_min_pct:  2.00
ram_mean_mb:  38.8
ram_max_mb:   43.2
ram_min_mb:   0.0
