# Resource monitor: async_slam_toolbox_node (algorithm=slam_toolbox)
# timestamp_s  cpu_pct  ram_mb
1.0  8.00  32.3
2.0  8.00  32.4
3.0  7.00  32.4
4.0  8.00  32.5
5.0  8.00  32.7
6.0  8.00  32.7
7.0  8.00  32.7
8.0  8.00  32.9
9.0  9.00  32.9
10.0  9.00  32.9
11.0  9.00  33.0
12.0  8.00  33.0
13.0  10.00  34.2
14.0  9.00  34.2
15.0  10.00  34.8
16.0  9.00  34.8
17.0  10.00  34.8
18.0  8.00  34.9
19.0  9.00  34.9
20.0  10.00  35.0
21.0  9.00  35.0
22.0  10.00  35.0
23.0  8.00  35.0
24.0  8.00  35.0
25.0  11.00  35.1
26.0  8.00  35.1
27.0  9.00  35.1
28.0  10.00  35.1
29.0  8.00  35.1
30.0  9.00  35.1
31.0  10.00  35.1
32.0  9.00  35.1
33.0  10.00  35.1
34.0  8.00  35.1
35.0  10.00  35.2
36.0  9.00  35.2
37.0  10.00  35.2
38.0  9.00  35.2
39.0  9.00  35.3
40.0  9.00  35.4
41.0  10.00  35.4
42.0  8.00  35.4
43.0  10.00  35.4
44.0  8.00  35.4
45.0  10.00  35.4
46.0  8.00  35.4
47.0  10.00  35.4
48.0  9.00  35.4
49.0  9.00  35.4
50.0  10.00  35.5
51.0  8.00  35.5
52.0  9.00  35.5
53.0  8.00  35.5
54.0  10.00  35.5
55.0  9.00  35.5
56.0  10.00  35.5
57.0  9.00  35.5
58.0  9.00  35.5
59.0  9.00  35.5
60.0  10.00  35.5
61.0  8.00  35.5
62.0  11.00  35.6
63.0  8.00  35.6
64.0  10.00  35.6
65.0  9.00  35.6
66.0  9.00  35.6
67.0  10.00  35.6
68.0  8.00  35.6
69.0  10.00  35.6
70.0  9.00  35.6
71.0  8.00  35.6
72.0  10.00  35.7
73.0  9.00  35.7
74.0  9.00  35.7
75.0  10.00  35.8
76.0  9.00  35.8
77.0  9.00  35.8
78.0  9.00  35.8
79.0  10.00  35.8
80.0  9.00  35.8
81.0  10.00  35.8
82.0  8.00  35.8
83.0  10.00  35.9
84.0  9.00  35.9
85.0  10.00  35.9
86.0  9.00  35.9
87.0  10.00  35.9
88.0  8.00  35.9
89.0  10.00  35.9
90.0  9.00  35.9
91.0  9.00  35.9
92.0  10.00  36.0
93.0  9.00  36.0
94.0  10.00  36.0
95.0  8.00  36.0
96.0  10.00  36.0
97.0  9.00  36.0
98.0  9.00  36.0
99.0  10.00  36.0
100.0  9.00  36.0
101.0  9.00  36.0
102.0  9.00  36.0
103.0  9.00  36.1
104.0  9.00  36.1
105.0  10.00  36.1
106.0  9.00  36.1
107.0  10.00  36.1
108.0  9.00  36.1
109.0  9.00  36.1
110.0  9.00  36.1
111.0  9.00  36.1
112.0  10.00  36.1
113.0  8.00  36.1
114.0  10.00  36.2
115.0  10.00  36.2
116.0  10.00  36.2
117.0  8.00  36.2
118.0  9.00  36.2
119.0  8.00  36.2
120.0  11.00  36.2
121.0  8.00  36.2
122.0  11.00  36.2
123.0  8.00  36.2
124.0  10.00  36.3
125.0  9.00  36.3
126.0  9.00  36.3
127.0  9.00  36.3
128.0  10.00  36.3
129.0  8.00  36.3
130.0  11.00  36.3
131.0  8.00  36.3
132.0  11.00  36.3
133.0  7.00  36.3
134.0  9.00  36.3
135.0  11.00  36.4
136.0  9.00  36.4
137.0  10.00  36.4
138.0  8.00  36.4
139.0  10.00  36.4
140.0  9.00  36.4
141.0  10.00  36.4
142.0  9.00  36.4
143.0  8.00  36.4
144.0  11.00  36.5
145.0  9.00  36.5
146.0  9.00  36.5
147.0  9.00  36.5
148.0  11.00  36.5
149.0  8.00  36.5
150.0  11.00  36.5
151.0  8.00  36.5
152.0  9.00  36.5
153.0  10.00  36.6
154.0  9.00  36.6
155.0  10.00  36.6
156.0  9.00  36.6
157.0  10.00  36.6
158.0  8.00  36.6
159.0  10.00  36.6
160.0  9.00  36.6
161.0  9.00  36.6
162.0  10.00  36.6
163.0  8.00  36.6
164.0  11.00  36.7
165.0  9.00  36.7
166.0  9.00  36.7
167.0  9.00  36.7
168.0  10.00  36.7
169.0  10.00  36.7
170.0  8.00  36.7
171.0  23.00  38.4
172.0  7.00  38.4
173.0  10.00  38.6
174.0  9.00  38.6
175.0  9.00  38.6
176.0  9.00  38.6
177.0  11.00  38.6
178.0  8.00  38.6
179.0  10.00  38.6
180.0  9.00  38.6
181.0  11.00  38.6
182.0  8.00  38.6
183.0  10.00  38.6
184.0  9.00  38.6
185.0  9.00  38.6
186.0  10.00  38.6
187.0  9.00  38.6
188.0  9.00  38.7
189.0  9.00  38.7
190.0  11.00  38.7
191.0  9.00  38.7
192.0  8.00  38.7
193.1  9.00  38.7
194.1  10.00  38.7
195.1  9.00  38.7
196.1  10.00  38.7
197.1  9.00  38.7
198.1  10.00  38.8
199.1  9.00  38.8
200.1  8.00  38.8
201.1  9.00  38.8
202.1  10.00  38.8
203.1  9.00  38.8
204.1  10.00  38.8
205.1  9.00  38.8
206.1  10.00  38.8
207.1  9.00  38.8
208.1  8.00  38.8
209.1  10.00  38.8
210.1  9.00  38.8
211.1  10.00  38.9
212.1  9.00  38.9
213.1  10.00  38.9
214.1  9.00  38.9
215.1  10.00  38.9
216.1  9.00  38.9
217.1  9.00  38.9
218.1  10.00  38.9
219.1  9.00  38.9
220.1  10.00  39.0
221.1  9.00  39.0
222.1  10.00  39.0
223.1  9.00  39.0
224.1  8.00  39.0
225.1  11.00  39.0
226.1  9.00  39.0
227.1  10.00  39.0
228.1  8.00  39.0
229.1  11.00  39.1
230.1  9.00  39.1
231.1  8.00  39.1
232.1  11.00  39.1
233.1  8.00  39.1
234.1  11.00  39.1
235.1  8.00  39.1
236.1  11.00  39.1
237.1  8.00  39.1
238.1  10.00  39.2
239.1  8.00  39.2
240.1  11.00  39.2
241.1  9.00  39.2
242.1  8.00  39.2
243.1  10.00  39.2
244.1  9.00  39.2
245.1  22.00  43.0
246.1  8.00  43.0
247.1  9.00  43.0
248.1  10.00  43.1
249.1  8.00  43.1
250.1  9.00  43.1
251.1  11.00  43.1
252.1  9.00  43.1
253.1  8.00  43.1
254.1  10.00  43.1
255.1  9.00  43.1
256.1  11.00  43.1
257.1  8.00  43.1
258.1  11.00  43.1
259.1  8.00  43.1
260.1  11.00  43.1
261.1  8.00  43.1
262.1  10.00  43.1
263.1  9.00  43.1
264.1  9.00  43.1
265.1  11.00  43.1
266.1  8.00  43.1
267.1  8.00  43.1
268.1  10.00  43.1
269.1  9.00  43.1
270.1  23.00  43.3
271.1  9.00  43.3
272.1  10.00  43.3
273.1  9.00  43.3
274.1  8.00  43.3
275.1  10.00  43.3
276.1  10.00  43.3
277.1  9.00  43.3
278.1  8.00  43.3
279.1  10.00  43.3
280.1  9.00  43.3
281.1  10.00  43.3
282.1  9.00  43.3
283.1  11.00  43.3
284.1  8.00  43.3
285.1  11.00  43.3
286.1  9.00  43.3
287.1  10.00  43.3
288.1  9.00  43.3
289.1  9.00  43.3
290.1  10.00  43.3
291.1  9.00  43.3
292.1  9.00  43.4
293.1  10.00  43.4
294.1  9.00  43.4
295.1  10.00  43.4
296.1  8.00  43.4
297.1  10.00  43.4
298.1  9.00  43.4
299.1  10.00  43.4
300.1  10.00  43.4
301.1  9.00  43.4
302.1  9.00  43.4
303.1  8.00  43.4
304.1  11.00  43.4
305.1  9.00  43.4
306.1  11.00  43.4
307.1  8.00  43.4
308.1  9.00  43.4
309.1  9.00  43.4
310.1  10.00  43.4
311.1  8.00  43.4
312.1  9.00  43.4
313.1  6.00  0.0

[SUMMARY]
n_samples:    313
cpu_mean_pct: 9.35
cpu_max_pct:  23.00
cpu_min_pct:  6.00
ram_mean_mb:  37.9
ram_max_mb:   43.4
ram_min_mb:   0.0
