# Resource monitor: nav2_amcl (algorithm=amcl)
# timestamp_s  cpu_pct  ram_mb
1.0  9.00  28.4
2.0  7.00  28.5
3.0  8.00  28.5
4.0  8.00  28.5
5.0  8.00  28.5
6.0  8.00  28.5
7.0  8.00  28.5
8.0  8.00  28.6
9.0  9.00  28.6
10.0  8.00  28.6
11.0  8.00  28.6
12.0  7.00  28.7
13.0  10.00  28.7
14.0  7.00  28.7
15.0  9.00  28.7
16.0  8.00  28.7
17.0  8.00  28.7
18.0  8.00  28.7
19.0  9.00  28.7
20.0  9.00  28.7
21.0  8.00  28.7
22.0  9.00  28.7
23.0  9.00  28.7
24.0  9.00  28.7
25.0  8.00  28.7
26.0  9.00  28.7
27.0  9.00  28.7
28.0  7.00  28.7
29.0  10.00  28.7
30.0  8.00  28.7
31.0  9.00  28.7
32.0  8.00  28.7
33.0  9.00  28.8
34.0  8.00  28.8
35.0  9.00  28.8
36.0  9.00  28.8
37.0  8.00  28.8
38.0  8.00  28.8
39.0  9.00  28.8
40.0  9.00  28.8
41.0  8.00  28.8
42.0  8.00  28.8
43.0  8.00  28.8
44.0  8.00  28.8
45.0  10.00  28.8
46.0  8.00  28.8
47.0  9.00  28.8
48.0  9.00  28.8
49.0  9.00  28.8
50.0  8.00  28.8
51.0  9.00  28.8
52.0  8.00  28.8
53.0  9.00  28.8
54.0  8.00  28.8
55.0  9.00  28.8
56.0  8.00  28.8
57.0  9.00  28.8
58.0  7.00  28.8
59.0  9.00  28.8
60.0  8.00  28.8
61.0  9.00  28.8
62.0  6.00  28.8
63.0  9.00  28.8
64.0  9.00  28.8
65.0  9.00  28.8
66.0  8.00  28.8
67.0  9.00  28.8
68.0  8.00  28.8
69.0  9.00  28.8
70.0  9.00  28.8
71.0  9.00  28.8
72.0  9.00  28.8
73.0  9.00  28.8
74.0  8.00  28.8
75.0  8.00  28.8
76.0  9.00  28.8
77.0  9.00  28.8
78.0  8.00  28.8
79.0  9.00  28.8
80.0  9.00  28.8
81.0  9.00  28.8
82.0  8.00  28.8
83.0  9.00  28.8
84.0  9.00  28.8
85.0  9.00  28.8
86.0  8.00  28.8
87.0  9.00  28.8
88.0  8.00  28.8
89.0  8.00  28.8
90.0  10.00  28.8
91.0  7.00  28.8
92.0  9.00  28.8
93.0  9.00  28.8
94.0  9.00  28.8
95.0  8.00  28.8
96.0  8.00  28.9
97.0  9.00  28.9
98.0  8.00  28.9
99.0  9.00  28.9
100.0  8.00  28.9
101.0  8.00  28.9
102.0  9.00  28.9
103.0  9.00  28.9
104.0  9.00  28.9
105.0  8.00  28.9
106.0  9.00  28.9
107.0  9.00  28.9
108.0  9.00  28.9
109.0  9.00  28.9
110.0  8.00  28.9
111.0  8.00  28.9
112.0  9.00  28.9
113.0  8.00  28.9
114.0  9.00  28.9
115.0  9.00  28.9
116.0  8.00  28.9
117.0  9.00  28.9
118.0  9.00  28.9
119.0  9.00  28.9
120.0  8.00  28.9
121.0  8.00  28.9
122.0  10.00  28.9
123.0  9.00  28.9
124.0  9.00  28.9
125.0  8.00  28.9
126.0  9.00  28.9
127.0  8.00  28.9
128.0  9.00  29.0
129.0  9.00  29.0
130.0  8.00  29.0
131.0  9.00  29.0
132.0  10.00  29.0
133.0  8.00  29.0
134.0  9.00  29.0
135.0  8.00  29.0
136.0  9.00  29.0
137.0  9.00  29.0
138.0  8.00  29.0
139.0  9.00  29.0
140.0  8.00  29.0
141.0  9.00  29.0
142.0  8.00  29.0
143.0  9.00  29.0
144.0  8.00  29.0
145.0  9.00  29.0
146.0  9.00  29.0
147.0  9.00  29.0
148.0  9.00  29.0
149.0  8.00  29.0
150.0  9.00  29.0
151.0  8.00  29.0
152.0  9.00  29.0
153.0  9.00  29.0
154.0  9.00  29.0
155.0  8.00  29.0
156.0  9.00  29.0
157.0  8.00  29.0
158.0  9.00  29.0
159.0  8.00  29.0
160.0  8.00  29.0
161.0  9.00  29.0
162.0  9.00  29.0
163.0  9.00  29.0
164.0  9.00  29.0
165.0  8.00  29.0
166.0  9.00  29.0
167.0  9.00  29.0
168.0  8.00  29.0
169.0  9.00  29.1
170.0  8.00  29.1
171.0  10.00  29.1
172.0  9.00  29.1
173.0  8.00  29.1
174.0  9.00  29.1
175.0  9.00  29.1
176.0  9.00  29.1
177.0  8.00  29.1
178.0  9.00  29.1
179.0  9.00  29.1
180.0  9.00  29.1
181.0  9.00  29.1
182.0  8.00  29.1
183.0  9.00  29.1
184.0  10.00  29.1
185.0  9.00  29.1
186.0  8.00  29.1
187.0  8.00  29.1
188.0  9.00  29.1
189.0  10.00  29.1
190.0  8.00  29.1
191.0  9.00  29.1
192.0  9.00  29.1
193.0  9.00  29.1
194.0  9.00  29.1
195.0  8.00  29.1
196.0  10.00  29.1
197.0  9.00  29.1
198.0  8.00  29.1
199.0  10.00  29.1
200.1  8.00  29.1
201.1  9.00  29.2
202.1  9.00  29.2
203.1  9.00  29.2
204.1  9.00  29.2
205.1  8.00  29.2
206.1  8.00  29.2
207.1  10.00  29.2
208.1  8.00  29.2
209.1  9.00  29.2
210.1  9.00  29.2
211.1  9.00  29.2
212.1  8.00  29.2
213.1  10.00  29.2
214.1  8.00  29.2
215.1  9.00  29.2
216.1  9.00  29.2
217.1  8.00  29.2
218.1  9.00  29.2
219.1  9.00  29.2
220.1  9.00  29.2
221.1  9.00  29.2
222.1  9.00  29.2
223.1  10.00  29.2
224.1  9.00  29.2
225.1  9.00  29.2
226.1  10.00  29.2
227.1  9.00  29.2
228.1  8.00  29.2
229.1  9.00  29.2
230.1  9.00  29.2
231.1  9.00  29.2
232.1  8.00  29.2
233.1  10.00  29.2
234.1  8.00  29.2
235.1  10.00  29.2
236.1  9.00  29.3
237.1  8.00  29.3
238.1  9.00  29.3
239.1  9.00  29.3
240.1  8.00  29.3
241.1  9.00  29.3
242.1  9.00  29.3
243.1  9.00  29.3
244.1  8.00  29.3
245.1  9.00  29.3
246.1  8.00  29.3
247.1  9.00  29.3
248.1  9.00  29.3
249.1  8.00  29.3
250.1  9.00  29.3
251.1  9.00  29.3
252.1  9.00  29.3
253.1  9.00  29.3
254.1  8.00  29.3
255.1  9.00  29.3
256.1  9.00  29.3
257.1  8.00  29.3
258.1  9.00  29.3
259.1  9.00  29.3
260.1  9.00  29.3
261.1  8.00  29.3
262.1  9.00  29.3
263.1  9.00  29.3
264.1  8.00  29.3
265.1  9.00  29.3
266.1  9.00  29.3
267.1  8.00  29.3
268.1  9.00  29.3
269.1  9.00  29.3
270.1  8.00  29.3
271.1  10.00  29.3
272.1  8.00  29.3
273.1  9.00  29.3
274.1  9.00  29.3
275.1  9.00  29.3
276.1  9.00  29.3
277.1  8.00  29.3
278.1  10.00  29.3
279.1  8.00  29.3
280.1  9.00  29.3
281.1  8.00  29.3
282.1  9.00  29.3
283.1  9.00  29.3
284.1  8.00  29.3
285.1  9.00  29.3
286.1  10.00  29.3
287.1  8.00  29.3
288.1  8.00  29.3
289.1  9.00  29.3
290.1  9.00  29.3
291.1  9.00  29.3
292.1  9.00  29.3
293.1  8.00  29.3
294.1  8.00  29.3
295.1  8.00  29.3
296.1  9.00  29.4
297.1  8.00  29.4
298.1  7.00  29.4
299.1  9.00  29.4
300.1  8.00  29.4
301.1  9.00  29.4
302.1  8.00  29.4
303.1  9.00  29.4
304.1  10.00  29.4
305.1  8.00  29.4
306.1  8.00  29.4
307.1  9.00  29.4
308.1  10.00  29.4
309.1  8.00  29.4
310.1  8.00  29.4
311.1  8.00  29.4
312.1  9.00  29.4
313.1  8.00  29.4
314.1  8.00  29.4
315.1  8.00  29.4
316.1  9.00  29.4
317.1  9.00  29.4
318.1  8.00  29.4
319.1  10.00  29.4
320.1  9.00  29.4
321.1  8.00  29.4
322.1  9.00  29.4
323.1  9.00  29.4
324.1  8.00  29.4
325.1  8.00  29.4
326.1  8.00  29.4
327.1  7.00  28.8
328.1  1.00  28.8

[SUMMARY]
n_samples:    328
cpu_mean_pct: 8.62
cpu_max_pct:  10.00
cpu_min_pct:  1.00
ram_mean_mb:  29.0
ram_max_mb:   29.4
ram_min_mb:   28.4
