# Resource monitor: nav2_amcl (algorithm=amcl)
# timestamp_s  cpu_pct  ram_mb
1.0  8.00  28.7
2.0  8.00  28.7
3.0  8.00  28.7
4.0  8.00  28.8
5.0  8.00  28.8
6.0  8.00  28.8
7.0  8.00  28.8
8.0  9.00  28.9
9.0  8.00  28.9
10.0  8.00  28.9
11.0  8.00  28.9
12.0  9.00  29.0
13.0  8.00  29.0
14.0  9.00  29.0
15.0  9.00  29.0
16.0  9.00  29.0
17.0  9.00  29.0
18.0  7.00  29.0
19.0  9.00  29.0
20.0  9.00  29.0
21.0  9.00  29.0
22.0  8.00  29.0
23.0  9.00  29.0
24.0  9.00  29.0
25.0  9.00  29.0
26.0  9.00  29.0
27.0  9.00  29.0
28.0  8.00  29.0
29.0  9.00  29.0
30.0  9.00  29.0
31.0  8.00  29.0
32.0  9.00  29.0
33.0  9.00  29.0
34.0  8.00  29.0
35.0  9.00  29.0
36.0  9.00  29.0
37.0  8.00  29.0
38.0  9.00  29.0
39.0  9.00  29.0
40.0  8.00  29.0
41.0  8.00  29.0
42.0  9.00  29.0
43.0  10.00  29.0
44.0  8.00  29.0
45.0  9.00  29.0
46.0  8.00  29.0
47.0  9.00  29.0
48.0  9.00  29.0
49.0  8.00  29.0
50.0  10.00  29.0
51.0  8.00  29.0
52.0  9.00  29.0
53.0  8.00  29.0
54.0  10.00  29.0
55.0  9.00  29.1
56.0  9.00  29.1
57.0  9.00  29.1
58.0  8.00  29.1
59.0  9.00  29.1
60.0  8.00  29.1
61.0  10.00  29.1
62.0  9.00  29.1
63.0  8.00  29.1
64.0  10.00  29.1
65.0  8.00  29.1
66.0  10.00  29.1
67.0  8.00  29.1
68.0  9.00  29.1
69.0  9.00  29.1
70.0  8.00  29.1
71.0  9.00  29.1
72.0  9.00  29.1
73.0  8.00  29.1
74.0  10.00  29.1
75.0  9.00  29.1
76.0  9.00  29.1
77.0  8.00  29.1
78.0  8.00  29.1
79.0  10.00  29.1
80.0  8.00  29.1
81.0  9.00  29.1
82.0  8.00  29.1
83.0  9.00  29.1
84.0  9.00  29.1
85.0  10.00  29.1
86.0  8.00  29.1
87.0  9.00  29.1
88.0  9.00  29.1
89.0  8.00  29.1
90.0  10.00  29.1
91.0  9.00  29.1
92.0  9.00  29.1
93.0  8.00  29.1
94.0  9.00  29.1
95.0  9.00  29.1
96.0  8.00  29.1
97.0  8.00  29.1
98.0  9.00  29.1
99.0  9.00  29.1
100.0  9.00  29.1
101.0  9.00  29.1
102.0  9.00  29.1
103.0  8.00  29.1
104.0  9.00  29.1
105.0  8.00  29.1
106.0  9.00  29.1
107.0  9.00  29.1
108.0  9.00  29.1
109.0  9.00  29.1
110.0  8.00  29.1
111.0  9.00  29.1
112.0  9.00  29.1
113.0  8.00  29.1
114.0  9.00  29.1
115.0  8.00  29.1
116.0  9.00  29.1
117.0  9.00  29.1
118.0  9.00  29.2
119.0  8.00  29.2
120.0  9.00  29.2
121.0  9.00  29.2
122.0  9.00  29.2
123.0  8.00  29.2
124.0  10.00  29.2
125.0  9.00  29.2
126.0  8.00  29.2
127.0  9.00  29.2
128.0  9.00  29.2
129.0  9.00  29.2
130.0  9.00  29.2
131.0  9.00  29.2
132.0  9.00  29.2
133.0  9.00  29.2
134.0  9.00  29.2
135.0  9.00  29.2
136.0  9.00  29.2
137.0  9.00  29.2
138.0  9.00  29.2
139.0  9.00  29.2
140.0  9.00  29.2
141.0  8.00  29.2
142.0  10.00  29.2
143.0  9.00  29.2
144.0  9.00  29.2
145.0  9.00  29.2
146.0  9.00  29.2
147.0  8.00  29.2
148.0  9.00  29.2
149.0  9.00  29.2
150.0  9.00  29.2
151.0  9.00  29.2
152.0  8.00  29.2
153.0  9.00  29.2
154.0  8.00  29.2
155.0  9.00  29.2
156.0  9.00  29.2
157.0  8.00  29.2
158.0  9.00  29.2
159.0  8.00  29.2
160.0  9.00  29.3
161.0  9.00  29.3
162.0  9.00  29.3
163.0  9.00  29.3
164.0  9.00  29.3
165.0  8.00  29.3
166.0  9.00  29.3
167.0  10.00  29.3
168.0  8.00  29.3
169.0  9.00  29.3
170.0  9.00  29.3
171.0  9.00  29.3
172.0  9.00  29.3
173.0  9.00  29.3
174.0  9.00  29.3
175.0  8.00  29.3
176.0  9.00  29.3
177.0  9.00  29.3
178.0  8.00  29.3
179.0  9.00  29.3
180.0  9.00  29.3
181.0  9.00  29.3
182.0  8.00  29.3
183.0  10.00  29.3
184.0  8.00  29.3
185.0  9.00  29.3
186.0  9.00  29.3
187.0  8.00  29.3
188.0  9.00  29.3
189.0  9.00  29.3
190.0  10.00  29.3
191.0  9.00  29.3
192.0  8.00  29.3
193.0  9.00  29.3
194.0  9.00  29.3
195.0  9.00  29.3
196.0  8.00  29.3
197.0  9.00  29.3
198.0  8.00  29.3
199.0  9.00  29.3
200.0  10.00  29.3
201.0  9.00  29.3
202.1  8.00  29.3
203.1  9.00  29.3
204.1  8.00  29.3
205.1  10.00  29.3
206.1  9.00  29.3
207.1  8.00  29.3
208.1  9.00  29.3
209.1  8.00  29.3
210.1  10.00  29.3
211.1  8.00  29.3
212.1  9.00  29.3
213.1  9.00  29.3
214.1  8.00  29.3
215.1  9.00  29.3
216.1  9.00  29.3
217.1  9.00  29.4
218.1  8.00  29.4
219.1  9.00  29.4
220.1  8.00  29.4
221.1  10.00  29.4
222.1  9.00  29.4
223.1  8.00  29.4
224.1  8.00  29.4
225.1  9.00  29.4
226.1  9.00  29.4
227.1  8.00  29.4
228.1  9.00  29.4
229.1  9.00  29.4
230.1  9.00  29.4
231.1  8.00  29.4
232.1  10.00  29.4
233.1  9.00  29.4
234.1  9.00  29.4
235.1  8.00  29.4
236.1  9.00  29.4
237.1  9.00  29.4
238.1  9.00  29.4
239.1  8.00  29.4
240.1  10.00  29.4
241.1  9.00  29.4
242.1  9.00  29.4
243.1  9.00  29.4
244.1  9.00  29.4
245.1  8.00  29.4
246.1  10.00  29.4
247.1  9.00  29.4
248.1  9.00  29.5
249.1  9.00  29.5
250.1  10.00  29.5
251.1  8.00  29.5
252.1  10.00  29.5
253.1  9.00  29.5
254.1  9.00  29.5
255.1  9.00  29.5
256.1  9.00  29.5
257.1  9.00  29.5
258.1  11.00  29.5
259.1  8.00  29.5
260.1  9.00  29.5
261.1  8.00  29.5
262.1  10.00  29.5
263.1  8.00  29.5
264.1  10.00  29.5
265.1  8.00  29.5
266.1  8.00  29.5
267.1  10.00  29.5
268.1  8.00  29.5
269.1  9.00  29.5
270.1  8.00  29.5
271.1  9.00  29.5
272.1  9.00  29.5
273.1  8.00  29.5
274.1  10.00  29.5
275.1  8.00  29.5
276.1  9.00  29.5
277.1  9.00  29.5
278.1  9.00  29.5
279.1  9.00  29.5
280.1  8.00  29.5
281.1  9.00  29.5
282.1  9.00  29.5
283.1  8.00  29.5
284.1  9.00  29.6
285.1  9.00  29.6
286.1  10.00  29.6
287.1  8.00  29.6
288.1  10.00  29.6
289.1  9.00  29.6
290.1  9.00  29.6
291.1  9.00  29.6
292.1  8.00  29.6
293.1  9.00  29.6
294.1  9.00  29.6
295.1  9.00  29.6
296.1  9.00  29.6
297.1  9.00  29.6
298.1  8.00  29.6
299.1  11.00  29.6
300.1  9.00  29.6
301.1  8.00  29.6
302.1  9.00  29.6
303.1  9.00  29.6
304.1  9.00  29.6
305.1  10.00  29.6
306.1  9.00  29.6
307.1  9.00  29.6
308.1  9.00  29.6
309.1  9.00  29.6
310.1  8.00  29.6
311.1  9.00  29.6
312.1  9.00  29.6
313.1  8.00  29.6
314.1  10.00  29.6
315.1  9.00  29.6
316.1  10.00  29.6
317.1  8.00  29.6
318.1  9.00  29.6
319.1  8.00  29.6
320.1  9.00  29.6
321.1  9.00  29.6
322.1  9.00  29.6
323.1  8.00  29.6
324.1  9.00  29.6
325.1  9.00  29.6
326.1  8.00  29.6
327.1  10.00  29.6
328.1  8.00  29.6
329.1  9.00  29.6
330.1  9.00  29.6
331.1  8.00  29.6
332.1  9.00  29.6
333.1  9.00  29.6
334.1  9.00  29.6
335.1  8.00  29.6
336.1  9.00  29.6
337.1  9.00  29.6
338.1  8.00  29.6
339.1  10.00  29.6
340.1  7.00  29.6
341.1  9.00  29.6
342.1  8.00  29.6
343.1  10.00  29.6
344.1  8.00  29.7
345.1  8.00  29.7
346.1  10.00  29.7
347.1  8.00  29.7
348.1  10.00  29.7
349.1  8.00  29.7
350.1  9.00  29.7
351.1  9.00  29.7
352.1  9.00  29.7
353.1  8.00  29.7
354.1  9.00  29.7
355.1  9.00  29.7
356.1  9.00  29.7
357.1  9.00  29.7
358.1  9.00  29.7
359.1  9.00  29.7
360.1  8.00  29.7
361.1  8.00  29.7
362.1  9.00  29.7
363.1  7.00  29.0
364.1  2.00  28.9

[SUMMARY]
n_samples:    364
cpu_mean_pct: 8.77
cpu_max_pct:  11.00
cpu_min_pct:  2.00
ram_mean_mb:  29.3
ram_max_mb:   29.7
ram_min_mb:   28.7
