# Resource monitor: async_slam_toolbox_node (algorithm=slam_toolbox)
# timestamp_s  cpu_pct  ram_mb
1.0  8.00  32.2
2.0  7.00  32.2
3.0  8.00  32.3
4.0  7.00  32.4
5.0  8.00  32.6
6.0  9.00  32.7
7.0  8.00  32.7
8.0  8.00  32.8
9.0  10.00  32.9
10.0  7.00  32.9
11.0  9.00  32.9
12.0  9.00  32.9
13.0  10.00  34.2
14.0  9.00  34.3
15.0  9.00  34.4
16.0  10.00  34.8
17.0  9.00  34.8
18.0  10.00  34.9
19.0  9.00  34.9
20.0  8.00  34.9
21.0  10.00  34.9
22.0  9.00  34.9
23.0  9.00  34.9
24.0  9.00  34.9
25.0  10.00  35.0
26.0  9.00  35.0
27.0  9.00  35.0
28.0  8.00  35.0
29.0  10.00  35.0
30.0  9.00  35.0
31.0  10.00  35.0
32.0  8.00  35.0
33.0  11.00  35.1
34.0  8.00  35.1
35.0  9.00  35.1
36.0  9.00  35.1
37.0  10.00  35.1
38.0  8.00  35.1
39.0  10.00  35.1
40.0  9.00  35.1
41.0  11.00  35.1
42.0  8.00  35.1
43.0  9.00  35.1
44.0  8.00  35.1
45.0  11.00  35.2
46.0  9.00  35.2
47.0  8.00  35.2
48.0  11.00  35.2
49.0  8.00  35.2
50.0  10.00  35.2
51.0  8.00  35.2
52.0  10.00  35.2
53.0  8.00  35.2
54.0  10.00  35.2
55.0  9.00  35.2
56.0  23.00  36.3
57.0  8.00  36.3
58.0  10.00  36.3
59.0  8.00  36.3
60.0  11.00  36.4
61.0  9.00  36.4
62.0  10.00  36.4
63.0  9.00  36.4
64.0  10.00  36.5
65.0  9.00  36.6
66.0  8.00  36.6
67.0  11.00  36.6
68.0  9.00  36.6
69.0  10.00  36.6
70.0  9.00  36.6
71.0  8.00  36.6
72.0  10.00  36.7
73.0  9.00  36.7
74.0  10.00  36.7
75.0  9.00  36.7
76.0  9.00  36.7
77.0  9.00  36.7
78.0  9.00  36.7
79.0  10.00  36.7
80.0  10.00  36.7
81.0  10.00  36.8
82.0  8.00  36.8
83.0  10.00  36.8
84.0  9.00  36.8
85.0  11.00  36.8
86.0  8.00  36.8
87.0  8.00  36.8
88.0  10.00  36.8
89.0  9.00  36.8
90.0  11.00  37.0
91.0  9.00  37.0
92.0  10.00  37.0
93.0  8.00  37.0
94.0  10.00  37.0
95.0  10.00  37.0
96.0  8.00  37.0
97.0  11.00  37.1
98.0  8.00  37.1
99.0  10.00  37.1
100.0  9.00  37.1
101.0  10.00  37.1
102.0  9.00  37.1
103.0  8.00  37.1
104.0  11.00  37.1
105.0  9.00  37.2
106.0  10.00  37.2
107.0  9.00  37.2
108.0  10.00  37.2
109.0  8.00  37.2
110.0  11.00  37.2
111.0  9.00  37.2
112.0  9.00  37.2
113.0  10.00  37.2
114.0  8.00  37.2
115.0  11.00  37.3
116.0  9.00  37.3
117.0  9.00  37.3
118.0  10.00  37.3
119.0  9.00  37.3
120.0  10.00  37.3
121.0  9.00  37.4
122.0  10.00  37.4
123.0  8.00  37.4
124.0  10.00  37.4
125.0  9.00  37.4
126.0  10.00  37.4
127.0  9.00  37.4
128.0  11.00  37.5
129.0  8.00  37.5
130.0  11.00  37.5
131.0  8.00  37.5
132.0  11.00  37.5
133.0  8.00  37.5
134.0  10.00  37.5
135.0  10.00  37.5
136.0  9.00  37.5
137.0  10.00  37.6
138.0  8.00  37.6
139.0  10.00  37.6
140.0  9.00  37.6
141.0  10.00  37.6
142.0  10.00  37.6
143.0  8.00  37.6
144.0  11.00  37.7
145.0  9.00  37.7
146.0  10.00  37.7
147.0  9.00  37.7
148.0  9.00  37.7
149.0  10.00  37.7
150.0  8.00  37.7
151.0  11.00  37.7
152.0  9.00  37.7
153.0  21.00  42.2
154.0  9.00  42.2
155.0  9.00  42.2
156.0  11.00  42.2
157.0  8.00  42.2
158.0  10.00  42.2
159.0  9.00  42.2
160.0  10.00  42.2
161.0  9.00  42.2
162.0  9.00  42.2
163.0  10.00  42.2
164.0  9.00  42.2
165.0  22.00  42.4
166.0  9.00  42.4
167.0  8.00  42.4
168.0  9.00  42.4
169.0  11.00  42.4
170.0  9.00  42.4
171.0  10.00  42.4
172.0  9.00  42.4
173.0  9.00  42.4
174.0  10.00  42.4
175.0  9.00  42.4
176.0  10.00  42.4
177.0  9.00  42.4
178.0  10.00  42.4
179.0  9.00  42.4
180.0  10.00  42.4
181.0  8.00  42.4
182.0  10.00  42.4
183.0  8.00  42.4
184.0  10.00  42.4
185.0  10.00  42.4
186.0  10.00  42.4
187.0  8.00  42.4
188.0  10.00  42.4
189.0  8.00  42.4
190.0  11.00  42.4
191.0  9.00  42.4
192.1  9.00  42.4
193.1  9.00  42.4
194.1  10.00  42.4
195.1  9.00  42.4
196.1  10.00  42.4
197.1  8.00  42.4
198.1  10.00  42.4
199.1  8.00  42.4
200.1  12.00  42.4
201.1  9.00  42.4
202.1  10.00  42.4
203.1  8.00  42.4
204.1  9.00  42.4
205.1  9.00  42.4
206.1  10.00  42.4
207.1  9.00  42.4
208.1  22.00  42.7
209.1  8.00  42.8
210.1  11.00  42.8
211.1  9.00  42.8
212.1  10.00  42.8
213.1  8.00  42.8
214.1  22.00  42.9
215.1  9.00  42.9
216.1  9.00  43.0
217.1  10.00  43.0
218.1  8.00  43.0
219.1  11.00  43.0
220.1  9.00  43.0
221.1  9.00  43.0
222.1  11.00  43.0
223.1  8.00  43.0
224.1  9.00  43.0
225.1  10.00  43.0
226.1  8.00  43.0
227.1  10.00  43.0
228.1  9.00  43.0
229.1  11.00  43.0
230.1  9.00  43.0
231.1  11.00  43.0
232.1  8.00  43.0
233.1  10.00  43.0
234.1  9.00  43.0
235.1  9.00  43.0
236.1  11.00  43.0
237.1  8.00  43.0
238.1  10.00  43.0
239.1  9.00  43.0
240.1  11.00  43.0
241.1  9.00  43.0
242.1  10.00  43.0
243.1  8.00  43.0
244.1  11.00  43.0
245.1  9.00  43.0
246.1  9.00  43.0
247.1  10.00  43.0
248.1  8.00  43.0
249.1  10.00  43.0
250.1  10.00  43.0
251.1  10.00  43.0
252.1  9.00  43.0
253.1  10.00  43.0
254.1  9.00  43.0
255.1  9.00  43.0
256.1  10.00  43.0
257.1  8.00  43.0
258.1  11.00  43.0
259.1  8.00  43.0
260.1  11.00  43.0
261.1  8.00  43.0
262.1  10.00  43.0
263.1  9.00  43.0
264.1  9.00  43.0
265.1  11.00  43.0
266.1  8.00  43.0
267.1  11.00  43.0
268.1  9.00  43.0
269.1  9.00  43.0
270.1  10.00  43.0
271.1  10.00  43.0
272.1  9.00  43.1
273.1  8.00  43.1
274.1  11.00  43.1
275.1  9.00  43.1
276.1  10.00  43.1
277.1  9.00  43.1
278.1  10.00  43.1
279.1  9.00  43.1
280.1  10.00  43.1
281.1  9.00  43.1
282.1  9.00  43.1
283.1  10.00  43.1
284.1  9.00  43.1
285.1  11.00  43.2
286.1  8.00  43.2
287.1  11.00  43.2
288.1  8.00  43.2
289.1  9.00  43.2
290.1  11.00  43.2
291.1  9.00  43.2
292.1  11.00  43.2
293.1  8.00  43.2
294.1  22.00  44.0
295.1  9.00  44.0
296.1  11.00  44.0
297.1  9.00  44.0
298.1  9.00  44.0
299.1  9.00  44.0
300.1  10.00  44.0
301.1  10.00  44.0
302.1  9.00  44.0
303.1  9.00  44.0
304.1  9.00  44.0
305.1  11.00  44.0
306.1  9.00  44.0
307.1  8.00  44.0
308.1  11.00  44.0
309.1  9.00  44.0
310.1  10.00  44.0
311.1  9.00  44.0
312.1  9.00  44.0
313.1  22.00  44.2
314.1  8.00  44.2
315.1  12.00  44.2
316.1  9.00  44.2
317.1  9.00  44.2
318.1  9.00  44.2
319.1  9.00  44.2
320.1  9.00  44.2
321.1  11.00  44.2
322.1  8.00  44.2
323.1  10.00  44.2
324.1  9.00  44.2
325.1  10.00  44.2
326.1  9.00  44.2
327.1  9.00  44.2
328.1  11.00  44.2
329.1  9.00  44.2
330.1  10.00  44.2
331.1  9.00  44.2
332.1  9.00  44.2
333.1  8.00  44.2
334.1  10.00  44.2
335.1  10.00  44.2
336.1  10.00  44.2
337.1  9.00  44.2
338.1  10.00  44.2
339.1  8.00  44.2
340.1  11.00  44.3
341.1  8.00  44.3
342.1  10.00  44.3
343.1  9.00  44.3
344.1  11.00  44.3
345.1  9.00  44.3
346.1  10.00  44.3
347.1  9.00  44.3
348.1  8.00  44.3
349.1  9.00  44.3
350.1  12.00  44.3
351.1  8.00  44.3
352.1  10.00  44.3
353.1  9.00  44.3
354.1  9.00  44.3
355.1  11.00  44.3
356.1  8.00  44.3
357.1  9.00  44.3
358.1  10.00  44.3
359.1  9.00  44.3
360.1  23.00  44.6
361.1  9.00  44.6
362.1  9.00  44.6
363.1  10.00  44.6
364.1  8.00  44.6
365.1  11.00  44.6
366.1  9.00  44.6
367.1  22.00  44.9
368.1  8.00  44.9
369.1  11.00  44.9
370.1  10.00  44.9
371.1  8.00  44.9
372.1  11.00  44.9
373.1  8.00  44.9
374.1  10.00  44.9
375.1  10.00  44.9
376.1  10.00  44.9
377.1  9.00  44.9
378.1  9.00  44.9
379.1  10.00  44.9
380.1  9.00  44.9
381.1  11.00  44.9
382.1  8.00  44.9
383.1  10.00  44.9
384.1  9.00  44.9
385.1  9.00  44.9
386.1  10.00  44.9
387.1  10.00  44.9
388.1  9.00  44.9
389.1  9.00  44.9
390.1  11.00  44.9
391.1  9.00  44.9
392.1  10.00  44.9
393.1  9.00  44.9
394.1  8.00  44.9
395.1  11.00  44.9
396.1  10.00  44.9
397.1  9.00  44.9
398.1  10.00  44.9
399.1  10.00  44.9
400.1  9.00  44.9
401.1  11.00  44.9
402.1  8.00  44.9
403.1  9.00  44.9
404.1  10.00  44.9
405.1  10.00  44.9
406.1  11.00  44.9
407.1  8.00  44.9
408.1  10.00  44.9
409.1  9.00  44.9
410.1  10.00  44.9
411.1  10.00  45.0
412.1  9.00  45.0
413.1  10.00  45.0
414.1  9.00  45.0
415.1  10.00  45.0
416.1  9.00  45.0
417.1  10.00  45.0
418.1  9.00  45.0
419.1  9.00  45.0
420.1  11.00  45.0
421.1  8.00  45.0
422.1  11.00  45.0
423.1  9.00  45.0
424.1  9.00  45.0
425.1  10.00  45.0
426.1  10.00  45.0
427.1  9.00  45.0
428.1  9.00  45.0
429.1  9.00  45.0
430.1  11.00  45.0
431.1  10.00  45.0
432.1  8.00  45.0
433.1  11.00  45.0
434.1  8.00  45.0
435.1  12.00  45.0
436.1  9.00  45.0
437.1  10.00  45.0
438.1  8.00  45.0
439.1  9.00  45.0
440.1  12.00  45.0
441.1  8.00  45.0
442.1  11.00  45.0
443.1  8.00  45.0
444.1  10.00  45.0
445.1  11.00  45.0
446.1  21.00  45.7
447.1  9.00  45.7
448.1  11.00  45.7
449.1  8.00  45.7
450.1  10.00  45.7
451.1  10.00  45.7
452.1  9.00  45.7
453.1  10.00  45.7
454.1  9.00  45.7
455.1  9.00  45.7
456.1  11.00  45.7
457.1  9.00  44.8
458.1  9.00  44.8
459.1  9.00  44.8
460.1  11.00  44.8
461.1  9.00  44.8
462.1  9.00  44.8
463.1  10.00  44.8
464.1  9.00  44.8
465.1  23.00  45.1
466.1  9.00  45.1
467.1  10.00  45.1
468.1  9.00  45.2
469.1  9.00  45.2
470.1  10.00  45.2
471.1  9.00  45.2
472.1  8.00  45.2
473.1  10.00  45.2
474.1  0.00  0.0

[SUMMARY]
n_samples:    474
cpu_mean_pct: 9.66
cpu_max_pct:  23.00
cpu_min_pct:  0.00
ram_mean_mb:  41.3
ram_max_mb:   45.7
ram_min_mb:   0.0
