# Resource monitor: async_slam_toolbox_node (algorithm=slam_toolbox)
# timestamp_s  cpu_pct  ram_mb
1.0  8.00  32.2
2.0  8.00  32.3
3.0  8.00  32.3
4.0  7.00  32.5
5.0  8.00  32.6
6.0  8.00  32.6
7.0  8.00  32.7
8.0  9.00  32.8
9.0  9.00  32.8
10.0  8.00  32.9
11.0  9.00  32.9
12.0  9.00  32.9
13.0  10.00  34.2
14.0  8.00  34.2
15.0  10.00  34.8
16.0  9.00  34.8
17.0  10.00  34.8
18.0  8.00  34.8
19.0  9.00  34.8
20.0  9.00  34.9
21.0  9.00  34.9
22.0  11.00  34.9
23.0  8.00  34.9
24.0  9.00  34.9
25.0  10.00  35.0
26.0  8.00  35.0
27.0  9.00  35.0
28.0  10.00  35.0
29.0  9.00  35.0
30.0  10.00  35.0
31.0  8.00  35.0
32.0  9.00  35.0
33.0  10.00  35.1
34.0  8.00  35.1
35.0  10.00  35.1
36.0  9.00  35.2
37.0  10.00  35.2
38.0  9.00  35.2
39.0  10.00  35.2
40.0  9.00  35.3
41.0  10.00  35.3
42.0  8.00  35.3
43.0  9.00  35.3
44.0  8.00  35.3
45.0  10.00  35.3
46.0  9.00  35.3
47.0  10.00  35.4
48.0  8.00  35.4
49.0  9.00  35.4
50.0  10.00  35.4
51.0  9.00  35.4
52.0  9.00  35.4
53.0  9.00  35.4
54.0  9.00  35.4
55.0  9.00  35.4
56.0  10.00  35.4
57.0  9.00  35.4
58.0  10.00  35.4
59.0  8.00  35.4
60.0  11.00  35.5
61.0  8.00  35.5
62.0  10.00  35.5
63.0  9.00  35.5
64.0  10.00  35.5
65.0  9.00  35.5
66.0  10.00  35.5
67.0  9.00  35.5
68.0  8.00  35.5
69.0  9.00  35.5
70.0  10.00  35.6
71.0  8.00  35.6
72.0  10.00  35.6
73.0  9.00  35.6
74.0  10.00  35.6
75.0  10.00  35.6
76.0  8.00  35.6
77.0  9.00  35.6
78.0  10.00  35.6
79.0  9.00  35.6
80.0  10.00  35.7
81.0  9.00  35.7
82.0  8.00  35.7
83.0  10.00  35.7
84.0  9.00  35.7
85.0  10.00  35.7
86.0  9.00  35.7
87.0  9.00  35.7
88.0  9.00  35.7
89.0  10.00  35.8
90.0  9.00  35.8
91.0  10.00  35.8
92.0  9.00  35.8
93.0  8.00  35.8
94.0  10.00  35.8
95.0  9.00  35.8
96.0  11.00  35.8
97.0  8.00  35.8
98.0  9.00  35.8
99.0  10.00  35.9
100.0  8.00  35.9
101.0  10.00  35.9
102.0  9.00  35.9
103.0  10.00  35.9
104.0  9.00  35.9
105.0  10.00  35.9
106.0  9.00  35.9
107.0  10.00  36.0
108.0  9.00  36.0
109.0  8.00  36.0
110.0  10.00  36.0
111.0  9.00  36.0
112.0  10.00  36.0
113.0  8.00  36.0
114.0  11.00  36.0
115.0  9.00  36.0
116.0  8.00  36.0
117.0  10.00  36.0
118.0  9.00  36.0
119.0  9.00  36.1
120.0  10.00  36.1
121.0  8.00  36.1
122.0  10.00  36.1
123.0  9.00  36.1
124.0  21.00  37.8
125.0  10.00  37.8
126.0  9.00  37.8
127.0  10.00  37.9
128.0  8.00  37.9
129.0  9.00  37.9
130.0  10.00  37.9
131.0  9.00  37.9
132.0  10.00  38.0
133.0  9.00  38.0
134.0  9.00  38.0
135.0  9.00  38.0
136.0  10.00  38.0
137.0  9.00  38.0
138.0  10.00  38.0
139.0  9.00  38.0
140.0  10.00  38.0
141.0  9.00  38.0
142.0  9.00  38.0
143.0  8.00  38.0
144.0  11.00  38.1
145.0  9.00  38.1
146.0  10.00  38.1
147.0  8.00  38.1
148.0  9.00  38.1
149.0  10.00  38.1
150.0  9.00  38.1
151.0  9.00  38.1
152.0  8.00  38.1
153.0  10.00  38.1
154.0  9.00  38.1
155.0  10.00  38.1
156.0  10.00  38.1
157.0  10.00  38.2
158.0  8.00  38.2
159.0  10.00  38.2
160.0  9.00  38.2
161.0  10.00  38.2
162.0  8.00  38.2
163.0  11.00  38.2
164.0  9.00  38.2
165.0  10.00  38.2
166.0  8.00  38.2
167.0  9.00  38.2
168.0  9.00  38.2
169.0  10.00  38.3
170.0  8.00  38.3
171.0  11.00  38.3
172.0  8.00  38.3
173.0  11.00  38.3
174.0  8.00  38.3
175.0  9.00  38.3
176.0  9.00  38.3
177.0  10.00  38.4
178.0  9.00  38.4
179.0  8.00  38.4
180.0  12.00  38.4
181.0  8.00  38.4
182.0  10.00  38.4
183.0  8.00  38.4
184.0  10.00  38.4
185.0  9.00  38.4
186.0  11.00  38.4
187.0  8.00  38.4
188.0  10.00  38.5
189.0  9.00  38.5
190.0  10.00  38.5
191.1  9.00  38.5
192.1  9.00  38.5
193.1  10.00  38.5
194.1  9.00  38.5
195.1  21.00  42.4
196.1  9.00  42.4
197.1  10.00  42.4
198.1  8.00  42.4
199.1  10.00  42.4
200.1  9.00  42.4
201.1  9.00  42.4
202.1  11.00  42.4
203.1  8.00  42.4
204.1  11.00  42.4
205.1  9.00  42.4
206.1  10.00  42.4
207.1  8.00  42.4
208.1  8.00  42.4
209.1  10.00  42.4
210.1  10.00  42.4
211.1  10.00  42.4
212.1  9.00  42.4
213.1  10.00  42.4
214.1  8.00  42.4
215.1  11.00  42.4
216.1  9.00  42.4
217.1  9.00  42.4
218.1  9.00  42.4
219.1  9.00  42.4
220.1  11.00  42.4
221.1  8.00  42.4
222.1  21.00  42.7
223.1  9.00  42.7
224.1  9.00  42.7
225.1  11.00  42.7
226.1  8.00  42.7
227.1  11.00  42.7
228.1  8.00  42.8
229.1  10.00  42.8
230.1  9.00  42.8
231.1  9.00  42.8
232.1  11.00  42.8
233.1  8.00  42.8
234.1  10.00  42.8
235.1  9.00  42.8
236.1  10.00  42.8
237.1  9.00  42.8
238.1  10.00  42.8
239.1  8.00  42.8
240.1  11.00  42.8
241.1  9.00  42.8
242.1  9.00  42.8
243.1  10.00  42.8
244.1  9.00  42.8
245.1  10.00  42.8
246.1  9.00  42.8
247.1  9.00  42.8
248.1  10.00  42.8
249.1  9.00  42.8
250.1  9.00  42.8
251.1  10.00  42.8
252.1  8.00  42.8
253.1  9.00  42.8
254.1  11.00  42.8
255.1  8.00  42.8
256.1  11.00  42.8
257.1  8.00  42.8
258.1  10.00  42.8
259.1  9.00  42.8
260.1  11.00  42.8
261.1  8.00  42.8
262.1  10.00  42.8
263.1  9.00  42.8
264.1  9.00  42.8
265.1  9.00  42.8
266.1  10.00  42.8
267.1  8.00  42.8
268.1  10.00  42.8
269.1  8.00  42.8
270.1  12.00  42.8
271.1  8.00  42.8
272.1  11.00  42.8
273.1  8.00  42.8
274.1  10.00  42.8
275.1  9.00  42.8
276.1  10.00  42.8
277.1  9.00  42.8
278.1  9.00  42.8
279.1  9.00  42.8
280.1  10.00  42.8
281.1  10.00  42.8
282.1  9.00  42.8
283.1  10.00  42.8
284.1  8.00  42.8
285.1  11.00  42.8
286.1  9.00  42.8
287.1  10.00  42.8
288.1  9.00  42.9
289.1  10.00  42.9
290.1  8.00  42.9
291.1  9.00  42.9
292.1  9.00  42.9
293.1  10.00  42.9
294.1  8.00  42.9
295.1  23.00  43.5
296.1  8.00  43.5
297.1  11.00  43.5
298.1  8.00  43.5
299.1  9.00  43.5
300.1  9.00  43.5
301.1  11.00  43.5
302.1  8.00  43.5
303.1  10.00  43.5
304.1  9.00  43.5
305.1  9.00  43.5
306.1  11.00  43.5
307.1  8.00  43.5
308.1  9.00  43.5
309.1  9.00  43.5
310.1  9.00  43.5
311.1  10.00  43.5
312.1  9.00  43.5
313.1  5.00  0.0

[SUMMARY]
n_samples:    313
cpu_mean_pct: 9.40
cpu_max_pct:  23.00
cpu_min_pct:  5.00
ram_mean_mb:  38.6
ram_max_mb:   43.5
ram_min_mb:   0.0
