# Resource monitor: async_slam_toolbox_node (algorithm=slam_toolbox)
# timestamp_s  cpu_pct  ram_mb
1.0  8.00  32.1
2.0  7.00  32.1
3.0  8.00  32.2
4.0  7.00  32.3
5.0  7.00  32.5
6.0  8.00  32.5
7.0  7.00  32.5
8.0  9.00  32.7
9.0  8.00  32.7
10.0  8.00  32.7
11.0  8.00  32.7
12.0  8.00  32.8
13.0  10.00  34.0
14.0  8.00  34.0
15.0  10.00  34.5
16.0  8.00  34.5
17.0  8.00  34.5
18.0  9.00  34.7
19.0  9.00  34.7
20.0  9.00  34.7
21.0  8.00  34.7
22.0  10.00  34.7
23.0  7.00  34.7
24.0  10.00  34.8
25.0  8.00  34.9
26.0  10.00  34.9
27.0  8.00  34.9
28.0  8.00  34.9
29.0  9.00  34.9
30.0  9.00  34.9
31.0  9.00  35.0
32.0  8.00  35.0
33.0  9.00  35.0
34.0  7.00  35.0
35.0  10.00  35.0
36.0  8.00  35.0
37.0  9.00  35.0
38.0  8.00  35.0
39.0  10.00  35.0
40.0  8.00  35.1
41.0  10.00  35.1
42.0  7.00  35.1
43.0  8.00  35.1
44.0  10.00  35.1
45.0  8.00  35.1
46.0  10.00  35.1
47.0  8.00  35.1
48.0  10.00  35.2
49.0  7.00  35.2
50.0  10.00  35.2
51.0  8.00  35.2
52.0  8.00  35.2
53.0  9.00  35.2
54.0  9.00  35.2
55.0  9.00  35.3
56.0  8.00  35.3
57.0  10.00  35.3
58.0  8.00  35.3
59.0  10.00  35.3
60.0  8.00  35.4
61.0  9.00  35.4
62.0  9.00  35.4
63.0  7.00  35.4
64.0  10.00  35.5
65.0  8.00  35.5
66.0  10.00  35.5
67.0  8.00  35.5
68.0  8.00  35.5
69.0  8.00  35.5
70.0  10.00  35.7
71.0  7.00  35.7
72.0  10.00  35.7
73.0  8.00  35.7
74.0  8.00  35.7
75.0  8.00  35.7
76.0  10.00  35.7
77.0  8.00  35.7
78.0  9.00  35.7
79.0  9.00  35.7
80.0  9.00  35.8
81.0  8.00  35.8
82.0  9.00  35.8
83.0  9.00  35.8
84.0  8.00  35.8
85.0  8.00  35.8
86.0  10.00  35.9
87.0  8.00  35.9
88.0  9.00  35.9
89.0  8.00  35.9
90.0  8.00  35.9
91.0  8.00  35.9
92.0  10.00  35.9
93.0  8.00  35.9
94.0  7.00  35.9
95.0  11.00  35.9
96.0  7.00  35.9
97.0  10.00  36.0
98.0  8.00  36.0
99.0  9.00  36.0
100.0  9.00  36.0
101.0  8.00  36.0
102.0  8.00  36.0
103.0  10.00  36.0
104.0  8.00  36.0
105.0  10.00  36.0
106.0  8.00  36.0
107.0  8.00  36.0
108.0  8.00  36.0
109.0  9.00  36.1
110.0  9.00  36.1
111.0  9.00  36.1
112.0  9.00  36.1
113.0  7.00  36.1
114.0  10.00  36.1
115.0  8.00  36.1
116.0  10.00  36.2
117.0  8.00  36.2
118.0  10.00  36.2
119.0  8.00  36.2
120.0  10.00  36.2
121.0  8.00  36.2
122.0  10.00  36.2
123.0  7.00  36.2
124.0  11.00  36.3
125.0  8.00  36.3
126.0  8.00  36.3
127.0  9.00  36.3
128.0  9.00  36.3
129.0  9.00  36.3
130.0  9.00  36.3
131.0  9.00  36.3
132.0  9.00  36.3
133.0  9.00  36.4
134.0  8.00  36.4
135.0  21.00  36.4
136.0  8.00  38.2
137.0  9.00  38.2
138.0  10.00  38.3
139.0  8.00  38.3
140.0  9.00  38.3
141.0  8.00  38.3
142.0  9.00  38.3
143.0  8.00  38.3
144.0  9.00  38.3
145.0  9.00  38.3
146.0  20.00  42.1
147.0  8.00  42.1
148.0  9.00  42.1
149.0  8.00  42.1
150.0  9.00  42.1
151.0  9.00  42.1
152.0  9.00  42.1
153.0  8.00  42.1
154.0  10.00  42.1
155.0  8.00  42.1
156.0  10.00  42.2
157.0  7.00  42.2
158.0  8.00  42.2
159.0  11.00  42.2
160.0  8.00  42.2
161.0  10.00  42.2
162.0  7.00  42.2
163.0  10.00  42.2
164.0  8.00  42.2
165.0  10.00  42.2
166.0  8.00  42.2
167.0  8.00  42.2
168.0  9.00  42.2
169.0  9.00  42.2
170.0  10.00  42.2
171.0  8.00  42.2
172.0  10.00  42.2
173.0  7.00  42.2
174.0  11.00  42.2
175.0  8.00  42.2
176.0  8.00  42.2
177.0  9.00  42.2
178.0  8.00  42.2
179.0  10.00  42.2
180.0  9.00  42.2
181.0  9.00  42.2
182.0  9.00  42.2
183.0  7.00  42.2
184.0  8.00  42.2
185.0  10.00  42.2
186.0  8.00  42.2
187.0  10.00  42.2
188.0  8.00  42.2
189.0  8.00  42.2
190.0  9.00  42.2
191.0  9.00  42.2
192.0  8.00  42.2
193.0  10.00  42.2
194.1  8.00  42.2
195.1  22.00  42.7
196.1  8.00  42.7
197.1  9.00  42.7
198.1  8.00  42.7
199.1  9.00  42.7
200.1  8.00  42.7
201.1  10.00  42.7
202.1  7.00  42.7
203.1  9.00  42.7
204.1  9.00  42.7
205.1  9.00  42.7
206.1  8.00  42.7
207.1  7.00  42.7
208.1  10.00  42.7
209.1  9.00  42.7
210.1  9.00  42.7
211.1  9.00  42.7
212.1  9.00  42.7
213.1  9.00  42.7
214.1  9.00  42.7
215.1  9.00  42.7
216.1  8.00  42.7
217.1  8.00  42.7
218.1  9.00  42.7
219.1  8.00  42.7
220.1  11.00  42.7
221.1  7.00  42.7
222.1  9.00  42.7
223.1  7.00  42.7
224.1  9.00  42.7
225.1  9.00  42.7
226.1  10.00  42.7
227.1  8.00  42.7
228.1  8.00  42.7
229.1  10.00  42.7
230.1  9.00  42.7
231.1  9.00  42.7
232.1  9.00  42.7
233.1  9.00  42.8
234.1  8.00  42.8
235.1  10.00  42.8
236.1  8.00  42.8
237.1  10.00  42.8
238.1  8.00  42.8
239.1  8.00  42.8
240.1  10.00  42.8
241.1  8.00  42.8
242.1  9.00  42.8
243.1  9.00  42.8
244.1  10.00  42.8
245.1  8.00  42.8
246.1  10.00  42.8
247.1  8.00  42.8
248.1  9.00  42.8
249.1  8.00  42.8
250.1  9.00  42.8
251.1  9.00  42.8
252.1  9.00  42.8
253.1  20.00  43.4
254.1  8.00  43.4
255.1  11.00  43.4
256.1  8.00  43.4
257.1  8.00  43.4
258.1  8.00  43.4
259.1  10.00  43.4
260.1  9.00  43.4
261.1  9.00  43.4
262.1  8.00  43.4
263.1  8.00  43.4
264.1  8.00  43.4
265.1  11.00  43.4
266.1  7.00  43.4
267.1  10.00  43.4
268.1  8.00  43.4
269.1  9.00  43.4
270.1  10.00  43.4
271.1  7.00  43.4
272.1  9.00  43.4
273.1  9.00  43.4
274.1  9.00  43.4
275.1  9.00  43.4
276.1  10.00  43.4
277.1  8.00  43.4
278.1  9.00  43.4
279.1  9.00  43.4
280.1  10.00  43.4
281.1  8.00  43.4
282.1  8.00  43.4
283.1  9.00  43.4
284.1  9.00  43.4
285.1  10.00  43.4
286.1  8.00  43.4
287.1  10.00  43.4
288.1  7.00  43.4
289.1  9.00  43.4
290.1  10.00  43.4
291.1  8.00  43.4
292.1  10.00  43.4
293.1  7.00  43.4
294.1  10.00  43.4
295.1  9.00  43.4
296.1  10.00  43.4
297.1  8.00  43.4
298.1  8.00  43.4
299.1  8.00  43.4
300.1  10.00  43.4
301.1  8.00  43.4
302.1  10.00  43.4
303.1  8.00  43.4
304.1  8.00  43.4
305.1  9.00  43.4
306.1  9.00  43.4
307.1  9.00  43.4
308.1  9.00  43.4
309.1  8.00  43.4
310.1  21.00  44.0
311.1  8.00  44.0
312.1  10.00  44.0
313.1  8.00  44.0
314.1  8.00  44.0
315.1  8.00  44.0
316.1  10.00  44.0
317.1  8.00  44.0
318.1  8.00  44.0
319.1  10.00  44.0
320.1  8.00  44.0
321.1  9.00  44.0
322.1  8.00  44.0
323.1  9.00  44.0
324.1  9.00  44.0
325.1  10.00  44.0
326.1  8.00  44.0
327.1  9.00  44.0
328.1  9.00  44.0
329.1  9.00  44.0
330.1  9.00  44.0
331.1  8.00  44.0
332.1  8.00  44.0
333.1  9.00  44.1
334.1  8.00  44.1
335.1  11.00  44.1
336.1  8.00  44.1
337.1  8.00  44.1
338.1  8.00  44.1
339.1  10.00  44.1
340.1  9.00  44.1
341.1  8.00  44.1
342.1  9.00  44.1
343.1  9.00  44.1
344.1  9.00  44.1
345.1  9.00  44.1
346.1  9.00  44.1
347.1  9.00  44.1
348.1  9.00  44.1
349.1  8.00  44.1
350.1  11.00  44.1
351.1  7.00  44.1
352.1  9.00  44.1
353.1  9.00  44.1
354.1  9.00  44.1
355.1  10.00  44.1
356.1  8.00  44.1
357.1  7.00  44.1
358.1  9.00  44.1
359.1  8.00  44.1
360.1  9.00  44.1
361.1  9.00  44.1
362.1  4.00  0.0

[SUMMARY]
n_samples:    362
cpu_mean_pct: 8.86
cpu_max_pct:  22.00
cpu_min_pct:  4.00
ram_mean_mb:  39.9
ram_max_mb:   44.1
ram_min_mb:   0.0
