# Resource monitor: async_slam_toolbox_node (algorithm=slam_toolbox)
# timestamp_s  cpu_pct  ram_mb
1.0  8.00  31.9
2.0  6.00  32.0
3.0  8.00  32.0
4.0  7.00  32.2
5.0  7.00  32.3
6.0  8.00  32.3
7.0  7.00  32.3
8.0  8.00  32.5
9.0  9.00  32.5
10.0  8.00  32.5
11.0  8.00  32.6
12.0  8.00  32.6
13.0  10.00  33.8
14.0  8.00  33.8
15.0  10.00  34.4
16.0  7.00  34.4
17.0  9.00  34.4
18.0  10.00  34.4
19.0  8.00  34.4
20.0  9.00  34.5
21.0  8.00  34.5
22.0  9.00  34.5
23.0  8.00  34.5
24.0  10.00  34.5
25.0  8.00  34.7
26.0  10.00  34.7
27.0  7.00  34.7
28.0  9.00  34.8
29.0  9.00  34.8
30.0  9.00  34.8
31.0  10.00  34.8
32.0  8.00  34.8
33.0  8.00  34.8
34.0  7.00  34.8
35.0  10.00  34.9
36.0  8.00  34.9
37.0  10.00  34.9
38.0  7.00  34.9
39.0  10.00  34.9
40.0  8.00  34.9
41.0  9.00  35.0
42.0  9.00  35.0
43.0  8.00  35.0
44.0  10.00  35.0
45.0  8.00  35.0
46.0  10.00  35.0
47.0  8.00  35.0
48.0  9.00  35.0
49.0  8.00  35.0
50.0  10.00  35.1
51.0  8.00  35.1
52.0  8.00  35.1
53.0  9.00  35.1
54.0  9.00  35.1
55.0  10.00  35.2
56.0  7.00  35.2
57.0  10.00  35.2
58.0  8.00  35.2
59.0  9.00  35.2
60.0  8.00  35.3
61.0  10.00  35.3
62.0  9.00  35.3
63.0  7.00  35.3
64.0  10.00  35.3
65.0  8.00  35.4
66.0  10.00  35.4
67.0  8.00  35.4
68.0  8.00  35.4
69.0  9.00  35.4
70.0  9.00  35.5
71.0  8.00  35.5
72.0  10.00  35.6
73.0  8.00  35.6
74.0  8.00  35.6
75.0  8.00  35.6
76.0  10.00  35.6
77.0  8.00  35.6
78.0  9.00  35.6
79.0  9.00  35.6
80.0  9.00  35.7
81.0  9.00  35.7
82.0  9.00  35.7
83.0  8.00  35.7
84.0  8.00  35.7
85.0  8.00  35.7
86.0  10.00  35.7
87.0  8.00  35.7
88.0  10.00  35.8
89.0  7.00  35.8
90.0  9.00  35.8
91.0  8.00  35.8
92.0  9.00  35.8
93.0  8.00  35.8
94.0  8.00  35.8
95.0  11.00  35.8
96.0  7.00  35.8
97.0  10.00  35.8
98.0  8.00  35.8
99.0  9.00  35.8
100.0  9.00  35.9
101.0  8.00  35.9
102.0  8.00  35.9
103.0  9.00  35.9
104.0  9.00  35.9
105.0  9.00  35.9
106.0  9.00  35.9
107.0  8.00  35.9
108.0  7.00  35.9
109.0  10.00  35.9
110.0  9.00  35.9
111.0  9.00  36.0
112.0  9.00  36.0
113.0  8.00  36.0
114.0  9.00  36.0
115.0  8.00  36.0
116.0  10.00  36.0
117.0  8.00  36.0
118.0  9.00  36.0
119.0  9.00  36.0
120.0  10.00  36.1
121.0  8.00  36.1
122.0  9.00  36.1
123.0  8.00  36.1
124.0  10.00  36.1
125.0  9.00  36.1
126.0  8.00  36.1
127.0  9.00  36.1
128.0  8.00  36.1
129.0  10.00  36.2
130.0  8.00  36.2
131.0  10.00  36.2
132.0  8.00  36.2
133.0  10.00  36.2
134.0  7.00  36.2
135.0  10.00  36.2
136.0  9.00  36.2
137.0  8.00  36.2
138.0  20.00  38.0
139.0  9.00  38.0
140.0  9.00  38.1
141.0  9.00  38.1
142.0  7.00  38.1
143.0  9.00  38.1
144.0  9.00  38.1
145.0  8.00  38.1
146.0  11.00  38.1
147.0  8.00  38.1
148.0  8.00  38.1
149.0  7.00  38.1
150.0  11.00  38.1
151.0  7.00  38.1
152.0  10.00  38.2
153.0  8.00  38.2
154.0  9.00  38.2
155.0  9.00  38.2
156.0  10.00  38.2
157.0  8.00  38.2
158.0  8.00  38.2
159.0  9.00  38.2
160.0  9.00  38.2
161.0  10.00  38.3
162.0  8.00  38.3
163.0  10.00  38.3
164.0  8.00  38.3
165.0  10.00  38.3
166.0  8.00  38.3
167.0  8.00  38.3
168.0  10.00  38.3
169.0  7.00  38.3
170.0  10.00  38.4
171.0  9.00  38.4
172.0  9.00  38.4
173.0  9.00  38.4
174.0  9.00  38.4
175.0  9.00  38.4
176.0  10.00  38.4
177.0  8.00  38.5
178.0  7.00  38.5
179.0  11.00  38.5
180.0  8.00  38.5
181.0  9.00  38.5
182.0  8.00  38.5
183.0  8.00  38.5
184.0  9.00  38.5
185.0  10.00  38.5
186.0  8.00  38.5
187.0  10.00  38.6
188.0  7.00  38.6
189.0  9.00  38.6
190.0  8.00  38.6
191.0  10.00  38.6
192.0  8.00  38.6
193.0  9.00  38.6
194.0  8.00  38.6
195.0  21.00  42.5
196.0  8.00  42.5
197.0  10.00  42.5
198.1  8.00  42.5
199.1  7.00  42.5
200.1  10.00  42.5
201.1  9.00  42.5
202.1  8.00  42.5
203.1  9.00  42.5
204.1  8.00  42.5
205.1  9.00  42.5
206.1  8.00  42.5
207.1  9.00  42.5
208.1  9.00  42.5
209.1  7.00  42.5
210.1  11.00  42.5
211.1  9.00  42.5
212.1  9.00  42.5
213.1  8.00  42.5
214.1  9.00  42.5
215.1  9.00  42.5
216.1  9.00  42.5
217.1  7.00  42.5
218.1  10.00  42.5
219.1  8.00  42.5
220.1  10.00  42.5
221.1  9.00  42.5
222.1  7.00  42.5
223.1  9.00  42.5
224.1  9.00  42.5
225.1  9.00  42.5
226.1  9.00  42.5
227.1  8.00  42.5
228.1  8.00  42.5
229.1  10.00  42.5
230.1  8.00  42.5
231.1  10.00  42.5
232.1  8.00  42.5
233.1  10.00  42.5
234.1  8.00  42.5
235.1  10.00  42.5
236.1  8.00  42.5
237.1  10.00  42.5
238.1  7.00  42.5
239.1  10.00  42.5
240.1  9.00  42.6
241.1  9.00  42.6
242.1  8.00  42.6
243.1  9.00  42.6
244.1  9.00  42.6
245.1  9.00  42.6
246.1  9.00  42.6
247.1  9.00  42.6
248.1  9.00  42.6
249.1  8.00  42.6
250.1  9.00  42.6
251.1  20.00  43.1
252.1  8.00  43.1
253.1  10.00  43.1
254.1  8.00  43.1
255.1  10.00  43.1
256.1  8.00  43.2
257.1  8.00  43.2
258.1  9.00  43.2
259.1  9.00  43.2
260.1  9.00  43.2
261.1  9.00  43.2
262.1  8.00  43.2
263.1  9.00  43.2
264.1  7.00  43.2
265.1  11.00  43.2
266.1  8.00  43.2
267.1  10.00  43.2
268.1  7.00  43.2
269.1  10.00  43.2
270.1  10.00  43.2
271.1  9.00  43.2
272.1  8.00  43.2
273.1  8.00  43.2
274.1  10.00  43.2
275.1  8.00  43.2
276.1  10.00  43.2
277.1  8.00  43.2
278.1  10.00  43.2
279.1  7.00  43.2
280.1  11.00  43.2
281.1  8.00  43.2
282.1  8.00  43.2
283.1  10.00  43.2
284.1  8.00  43.2
285.1  11.00  43.2
286.1  7.00  43.2
287.1  11.00  43.2
288.1  8.00  43.2
289.1  9.00  43.2
290.1  9.00  43.2
291.1  8.00  43.2
292.1  9.00  43.2
293.1  8.00  43.2
294.1  10.00  43.2
295.1  9.00  43.2
296.1  9.00  43.2
297.1  8.00  43.2
298.1  9.00  43.2
299.1  8.00  43.2
300.1  10.00  43.2
301.1  8.00  43.2
302.1  10.00  43.2
303.1  8.00  43.2
304.1  8.00  43.2
305.1  8.00  43.2
306.1  11.00  43.2
307.1  7.00  43.2
308.1  9.00  43.2
309.1  9.00  43.2
310.1  22.00  43.8
311.1  7.00  43.8
312.1  10.00  43.8
313.1  8.00  43.8
314.1  8.00  43.8
315.1  9.00  43.8
316.1  9.00  43.8
317.1  9.00  43.8
318.1  8.00  43.8
319.1  9.00  43.8
320.1  9.00  43.8
321.1  8.00  43.8
322.1  8.00  43.8
323.1  10.00  43.8
324.1  8.00  43.9
325.1  10.00  43.9
326.1  9.00  43.9
327.1  9.00  43.9
328.1  9.00  43.9
329.1  9.00  43.9
330.1  8.00  43.9
331.1  8.00  43.9
332.1  9.00  43.9
333.1  9.00  43.9
334.1  8.00  43.9
335.1  10.00  43.9
336.1  8.00  43.9
337.1  9.00  43.9
338.1  8.00  43.9
339.1  9.00  43.9
340.1  9.00  43.9
341.1  9.00  43.9
342.1  8.00  43.9
343.1  8.00  43.9
344.1  9.00  43.9
345.1  10.00  43.9
346.1  9.00  43.9
347.1  9.00  43.9
348.1  9.00  43.9
349.1  8.00  43.9
350.1  10.00  43.9
351.1  9.00  43.9
352.1  9.00  43.9
353.1  8.00  43.9
354.1  8.00  43.9
355.1  11.00  43.9
356.1  8.00  43.9
357.1  8.00  43.9
358.1  8.00  43.9
359.1  9.00  43.9
360.1  9.00  43.9
361.1  9.00  43.9
362.1  2.00  0.0

[SUMMARY]
n_samples:    362
cpu_mean_pct: 8.84
cpu_max_pct:  22.00
cpu_min_pct:  2.00
ram_mean_mb:  39.3
ram_max_mb:   43.9
ram_min_mb:   0.0
