# Resource monitor: async_slam_toolbox_node (algorithm=slam_toolbox)
# timestamp_s  cpu_pct  ram_mb
1.0  7.00  32.3
2.0  8.00  32.4
3.0  7.00  32.4
4.0  8.00  32.5
5.0  8.00  32.8
6.0  8.00  32.8
7.0  9.00  32.8
8.0  8.00  33.0
9.0  9.00  33.0
10.0  8.00  33.0
11.0  9.00  33.0
12.0  9.00  33.1
13.0  10.00  34.3
14.0  8.00  34.4
15.0  9.00  34.5
16.0  11.00  35.0
17.0  8.00  35.0
18.0  10.00  35.0
19.0  8.00  35.0
20.0  9.00  35.0
21.0  10.00  35.0
22.0  8.00  35.0
23.0  11.00  35.0
24.0  8.00  35.0
25.0  10.00  35.1
26.0  8.00  35.1
27.0  9.00  35.1
28.0  9.00  35.1
29.0  10.00  35.2
30.0  8.00  35.2
31.0  11.00  35.2
32.0  8.00  35.2
33.0  11.00  35.2
34.0  7.00  35.2
35.0  9.00  35.2
36.0  9.00  35.2
37.0  10.00  35.2
38.0  8.00  35.2
39.0  11.00  35.2
40.0  9.00  35.2
41.0  8.00  35.2
42.0  10.00  35.3
43.0  9.00  35.3
44.0  8.00  35.3
45.0  10.00  35.3
46.0  8.00  35.3
47.0  10.00  35.3
48.0  9.00  35.3
49.0  8.00  35.3
50.0  11.00  35.3
51.0  8.00  35.3
52.0  8.00  35.4
53.0  10.00  35.4
54.0  9.00  35.4
55.0  9.00  35.4
56.0  23.00  37.1
57.0  8.00  37.1
58.0  10.00  37.1
59.0  8.00  37.1
60.0  11.00  37.2
61.0  9.00  37.2
62.0  10.00  37.2
63.0  9.00  37.2
64.0  10.00  37.2
65.0  9.00  37.5
66.0  8.00  37.5
67.0  10.00  37.5
68.0  8.00  37.5
69.0  11.00  37.5
70.0  9.00  37.5
71.0  9.00  37.5
72.0  9.00  37.5
73.0  9.00  37.6
74.0  10.00  37.6
75.0  9.00  37.6
76.0  8.00  37.6
77.0  10.00  37.6
78.0  9.00  37.6
79.0  10.00  37.6
80.0  9.00  37.6
81.0  10.00  37.7
82.0  9.00  37.7
83.0  9.00  37.7
84.0  10.00  37.7
85.0  10.00  37.7
86.0  9.00  37.7
87.0  8.00  37.7
88.0  10.00  37.7
89.0  9.00  37.7
90.0  10.00  37.8
91.0  10.00  37.8
92.0  9.00  37.8
93.0  9.00  37.8
94.0  8.00  37.8
95.0  11.00  37.8
96.0  9.00  37.8
97.0  10.00  37.8
98.0  8.00  37.8
99.0  10.00  37.9
100.0  9.00  37.9
101.0  10.00  37.9
102.0  9.00  37.9
103.0  8.00  37.9
104.0  11.00  37.9
105.0  9.00  37.9
106.0  10.00  37.9
107.0  8.00  37.9
108.0  11.00  38.0
109.0  8.00  38.0
110.0  10.00  38.0
111.0  9.00  38.0
112.0  10.00  38.1
113.0  8.00  38.1
114.0  9.00  38.1
115.0  10.00  38.1
116.0  9.00  38.1
117.0  9.00  38.1
118.0  10.00  38.1
119.0  9.00  38.1
120.0  10.00  38.2
121.0  10.00  38.3
122.0  9.00  38.3
123.0  8.00  38.3
124.0  10.00  38.3
125.0  9.00  38.3
126.0  10.00  38.3
127.0  9.00  38.3
128.0  9.00  38.3
129.0  9.00  38.3
130.0  11.00  38.4
131.0  9.00  38.4
132.0  8.00  38.4
133.0  9.00  38.4
134.0  10.00  38.4
135.0  10.00  38.4
136.0  9.00  38.4
137.0  10.00  38.4
138.0  8.00  38.4
139.0  11.00  38.5
140.0  9.00  38.5
141.0  8.00  38.5
142.0  10.00  38.5
143.0  9.00  38.5
144.0  10.00  38.5
145.0  9.00  38.5
146.0  10.00  38.6
147.0  9.00  38.6
148.0  8.00  38.6
149.0  10.00  38.6
150.0  9.00  38.6
151.0  11.00  38.6
152.0  9.00  38.6
153.0  21.00  42.4
154.0  9.00  42.4
155.0  8.00  42.5
156.0  11.00  42.5
157.0  8.00  42.5
158.0  11.00  42.5
159.0  9.00  42.5
160.0  8.00  42.5
161.0  10.00  42.5
162.0  9.00  42.5
163.0  10.00  42.5
164.0  10.00  42.5
165.0  10.00  42.5
166.0  9.00  42.5
167.0  8.00  42.5
168.0  9.00  42.5
169.0  22.00  42.7
170.0  9.00  42.7
171.0  10.00  42.7
172.0  8.00  42.7
173.0  9.00  42.7
174.0  9.00  42.7
175.0  10.00  42.7
176.0  10.00  42.7
177.0  9.00  42.7
178.0  10.00  42.7
179.0  8.00  42.7
180.0  10.00  42.7
181.0  9.00  42.7
182.0  9.00  42.7
183.0  10.00  42.7
184.0  10.00  42.7
185.0  9.00  42.7
186.0  10.00  42.7
187.0  8.00  42.7
188.0  9.00  42.7
189.0  9.00  42.7
190.0  22.00  42.9
191.1  8.00  42.9
192.1  10.00  42.9
193.1  9.00  42.9
194.1  10.00  42.9
195.1  9.00  42.9
196.1  9.00  42.9
197.1  8.00  42.9
198.1  21.00  43.1
199.1  9.00  43.1
200.1  11.00  43.1
201.1  8.00  43.1
202.1  11.00  43.1
203.1  8.00  43.1
204.1  9.00  43.1
205.1  9.00  43.1
206.1  10.00  43.1
207.1  9.00  43.1
208.1  32.00  43.1
209.1  9.00  43.1
210.1  11.00  43.1
211.1  8.00  43.1
212.1  8.00  43.1
213.1  10.00  43.1
214.1  9.00  43.1
215.1  22.00  43.3
216.1  9.00  43.3
217.1  10.00  43.3
218.1  9.00  43.3
219.1  9.00  43.3
220.1  10.00  43.3
221.1  9.00  43.3
222.1  10.00  43.3
223.1  8.00  43.3
224.1  10.00  43.3
225.1  9.00  43.3
226.1  9.00  43.3
227.1  11.00  43.3
228.1  8.00  43.3
229.1  10.00  43.3
230.1  9.00  43.3
231.1  10.00  43.3
232.1  9.00  43.3
233.1  10.00  43.3
234.1  9.00  43.3
235.1  9.00  43.3
236.1  10.00  43.3
237.1  9.00  43.3
238.1  9.00  43.3
239.1  9.00  43.3
240.1  11.00  43.3
241.1  9.00  43.4
242.1  10.00  43.4
243.1  9.00  43.4
244.1  8.00  43.4
245.1  11.00  43.4
246.1  9.00  43.4
247.1  9.00  43.4
248.1  9.00  43.4
249.1  10.00  43.4
250.1  9.00  43.4
251.1  11.00  43.4
252.1  8.00  43.4
253.1  9.00  43.4
254.1  10.00  43.4
255.1  9.00  43.4
256.1  10.00  43.4
257.1  8.00  43.4
258.1  11.00  43.4
259.1  9.00  43.4
260.1  8.00  43.4
261.1  12.00  43.4
262.1  8.00  43.4
263.1  10.00  43.4
264.1  8.00  43.4
265.1  12.00  43.4
266.1  8.00  43.4
267.1  9.00  43.4
268.1  10.00  43.4
269.1  8.00  43.4
270.1  11.00  43.4
271.1  9.00  43.4
272.1  22.00  43.9
273.1  9.00  43.9
274.1  10.00  43.9
275.1  9.00  43.9
276.1  10.00  43.9
277.1  9.00  43.9
278.1  9.00  43.9
279.1  10.00  43.9
280.1  10.00  43.9
281.1  9.00  43.9
282.1  10.00  43.9
283.1  9.00  43.9
284.1  9.00  43.9
285.1  10.00  44.0
286.1  9.00  44.0
287.1  8.00  44.0
288.1  11.00  44.0
289.1  8.00  44.0
290.1  11.00  44.0
291.1  8.00  44.0
292.1  11.00  44.0
293.1  9.00  44.0
294.1  10.00  44.0
295.1  9.00  44.0
296.1  10.00  44.0
297.1  9.00  44.1
298.1  8.00  44.1
299.1  11.00  44.1
300.1  9.00  44.1
301.1  10.00  44.1
302.1  9.00  44.1
303.1  9.00  44.1
304.1  21.00  44.4
305.1  10.00  44.4
306.1  10.00  44.4
307.1  9.00  44.4
308.1  9.00  44.4
309.1  10.00  44.4
310.1  9.00  44.4
311.1  11.00  44.4
312.1  8.00  44.4
313.1  10.00  44.4
314.1  9.00  44.4
315.1  21.00  44.6
316.1  9.00  44.6
317.1  9.00  44.6
318.1  10.00  44.6
319.1  9.00  44.6
320.1  9.00  44.6
321.1  9.00  44.6
322.1  10.00  44.6
323.1  9.00  44.6
324.1  20.00  44.8
325.1  9.00  44.8
326.1  41.00  44.8
327.1  9.00  44.8
328.1  11.00  44.8
329.1  8.00  44.8
330.1  9.00  44.8
331.1  11.00  44.8
332.1  8.00  44.9
333.1  9.00  44.9
334.1  10.00  44.9
335.1  10.00  44.9
336.1  9.00  44.9
337.1  9.00  44.9
338.1  9.00  44.9
339.1  10.00  44.9
340.1  10.00  44.9
341.1  8.00  44.9
342.1  11.00  44.9
343.1  9.00  44.9
344.1  8.00  44.9
345.1  24.00  44.9
346.1  8.00  44.9
347.1  10.00  44.9
348.1  9.00  44.9
349.1  8.00  44.9
350.1  12.00  44.9
351.1  8.00  44.9
352.1  10.00  44.9
353.1  9.00  44.9
354.1  9.00  44.9
355.1  11.00  44.9
356.1  9.00  44.9
357.1  9.00  44.9
358.1  8.00  44.9
359.1  43.00  45.2
360.1  9.00  45.2
361.1  10.00  45.2
362.1  9.00  45.2
363.1  11.00  45.2
364.1  8.00  45.2
365.1  21.00  45.2
366.1  8.00  45.2
367.1  23.00  45.2
368.1  8.00  45.2
369.1  11.00  45.2
370.1  8.00  45.2
371.1  9.00  45.2
372.1  11.00  45.2
373.1  8.00  45.2
374.1  10.00  45.2
375.1  9.00  45.2
376.1  10.00  45.2
377.1  10.00  45.2
378.1  8.00  45.2
379.1  10.00  45.2
380.1  10.00  45.2
381.1  8.00  45.2
382.1  10.00  45.2
383.1  10.00  45.2
384.1  9.00  45.2
385.1  10.00  45.2
386.1  11.00  45.2
387.1  8.00  45.2
388.1  10.00  45.2
389.1  8.00  45.2
390.1  10.00  45.2
391.1  10.00  45.2
392.1  9.00  45.2
393.1  9.00  45.2
394.1  9.00  45.2
395.1  11.00  45.2
396.1  9.00  45.3
397.1  10.00  45.3
398.1  9.00  45.3
399.1  8.00  45.3
400.1  12.00  45.3
401.1  8.00  45.3
402.1  10.00  45.3
403.1  9.00  45.3
404.1  10.00  45.3
405.1  10.00  45.3
406.1  10.00  45.3
407.1  8.00  45.3
408.1  9.00  45.3
409.1  10.00  45.3
410.1  10.00  45.3
411.1  11.00  45.3
412.1  7.00  45.3
413.1  11.00  45.3
414.1  8.00  45.3
415.1  12.00  45.3
416.1  8.00  45.3
417.1  11.00  45.3
418.1  8.00  45.3
419.1  9.00  45.3
420.1  11.00  45.3
421.1  9.00  45.3
422.1  10.00  45.3
423.1  8.00  45.3
424.1  21.00  45.8
425.1  10.00  45.8
426.1  10.00  45.8
427.1  9.00  45.8
428.1  9.00  45.8
429.1  10.00  45.8
430.1  9.00  45.8
431.1  11.00  45.8
432.1  8.00  45.8
433.1  10.00  45.8
434.1  9.00  45.8
435.1  11.00  45.8
436.1  8.00  45.8
437.1  9.00  45.8
438.1  10.00  45.8
439.1  8.00  45.8
440.1  12.00  45.8
441.1  8.00  45.8
442.1  11.00  45.8
443.1  9.00  45.8
444.1  10.00  45.8
445.1  10.00  45.8
446.1  8.00  45.8
447.1  10.00  45.8
448.1  9.00  45.8
449.1  11.00  45.8
450.1  10.00  45.8
451.1  9.00  45.8
452.1  9.00  45.8
453.1  8.00  45.8
454.1  11.00  45.8
455.1  9.00  45.8
456.1  23.00  46.1
457.1  7.00  46.1
458.1  10.00  46.1
459.1  10.00  46.1
460.1  9.00  46.1
461.1  11.00  46.1
462.1  8.00  46.1
463.1  10.00  46.1
464.1  9.00  46.1
465.1  11.00  45.3
466.1  9.00  45.3
467.1  8.00  45.3
468.1  23.00  45.6
469.1  9.00  45.6
470.1  10.00  45.6
471.1  9.00  45.6
472.1  8.00  45.6
473.1  9.00  45.6
474.1  4.00  0.0

[SUMMARY]
n_samples:    474
cpu_mean_pct: 9.90
cpu_max_pct:  43.00
cpu_min_pct:  4.00
ram_mean_mb:  41.8
ram_max_mb:   46.1
ram_min_mb:   0.0
