# Resource monitor: async_slam_toolbox_node (algorithm=slam_toolbox)
# timestamp_s  cpu_pct  ram_mb
1.0  7.00  32.3
2.0  8.00  32.3
3.0  8.00  32.4
4.0  7.00  32.5
5.0  8.00  32.8
6.0  9.00  32.8
7.0  8.00  32.8
8.0  9.00  32.9
9.0  9.00  33.0
10.0  8.00  33.0
11.0  9.00  33.0
12.0  9.00  33.0
13.0  10.00  34.2
14.0  9.00  34.3
15.0  8.00  34.4
16.0  11.00  34.9
17.0  8.00  34.9
18.0  11.00  34.9
19.0  8.00  34.9
20.0  9.00  35.0
21.0  10.00  35.0
22.0  8.00  35.0
23.0  11.00  35.0
24.0  9.00  35.0
25.0  9.00  35.1
26.0  9.00  35.1
27.0  8.00  35.1
28.0  9.00  35.1
29.0  11.00  35.1
30.0  8.00  35.1
31.0  10.00  35.1
32.0  9.00  35.1
33.0  10.00  35.2
34.0  9.00  35.2
35.0  8.00  35.2
36.0  10.00  35.2
37.0  9.00  35.2
38.0  9.00  35.2
39.0  9.00  35.2
40.0  10.00  35.2
41.0  9.00  35.2
42.0  10.00  35.2
43.0  8.00  35.2
44.0  9.00  35.2
45.0  10.00  35.3
46.0  9.00  35.3
47.0  8.00  35.3
48.0  10.00  35.3
49.0  9.00  35.3
50.0  10.00  35.3
51.0  9.00  35.3
52.0  8.00  35.3
53.0  10.00  35.3
54.0  10.00  35.3
55.0  8.00  35.3
56.0  22.00  37.0
57.0  9.00  37.0
58.0  10.00  37.1
59.0  9.00  37.1
60.0  10.00  37.1
61.0  8.00  37.1
62.0  10.00  37.1
63.0  9.00  37.1
64.0  11.00  37.2
65.0  9.00  37.3
66.0  7.00  37.3
67.0  11.00  37.3
68.0  8.00  37.3
69.0  11.00  37.3
70.0  9.00  37.3
71.0  9.00  37.3
72.0  10.00  37.4
73.0  9.00  37.4
74.0  10.00  37.4
75.0  8.00  37.4
76.0  10.00  37.4
77.0  9.00  37.4
78.0  9.00  37.4
79.0  10.00  37.4
80.0  9.00  37.4
81.0  10.00  37.5
82.0  10.00  37.5
83.0  9.00  37.5
84.0  9.00  37.5
85.0  11.00  37.5
86.0  9.00  37.5
87.0  8.00  37.5
88.0  10.00  37.6
89.0  10.00  37.6
90.0  10.00  37.6
91.0  8.00  37.6
92.0  11.00  37.7
93.0  8.00  37.7
94.0  9.00  37.7
95.0  10.00  37.7
96.0  9.00  37.7
97.0  10.00  37.7
98.0  9.00  37.7
99.0  10.00  37.7
100.0  9.00  37.7
101.0  11.00  37.8
102.0  8.00  37.8
103.0  9.00  37.8
104.0  10.00  37.8
105.0  9.00  37.8
106.0  10.00  37.8
107.0  9.00  37.8
108.0  11.00  37.8
109.0  8.00  37.8
110.0  10.00  37.9
111.0  9.00  37.9
112.0  10.00  37.9
113.0  9.00  37.9
114.0  8.00  37.9
115.0  11.00  38.0
116.0  9.00  38.0
117.0  10.00  38.0
118.0  9.00  38.0
119.0  10.00  38.1
120.0  10.00  38.1
121.0  9.00  38.1
122.0  9.00  38.1
123.0  9.00  38.1
124.0  10.00  38.1
125.0  10.00  38.1
126.0  9.00  38.1
127.0  10.00  38.1
128.0  10.00  38.2
129.0  9.00  38.2
130.0  10.00  38.2
131.0  8.00  38.2
132.0  11.00  38.3
133.0  8.00  38.3
134.0  10.00  38.3
135.0  11.00  38.3
136.0  7.00  38.3
137.0  11.00  38.3
138.0  9.00  38.3
139.0  10.00  38.3
140.0  9.00  38.3
141.0  8.00  38.3
142.0  12.00  38.4
143.0  8.00  38.4
144.0  10.00  38.4
145.0  9.00  38.4
146.0  10.00  38.4
147.0  9.00  38.4
148.0  9.00  38.4
149.0  10.00  38.4
150.0  9.00  38.4
151.0  11.00  38.5
152.0  8.00  38.5
153.0  20.00  42.2
154.0  9.00  42.2
155.0  9.00  42.2
156.0  20.00  42.3
157.0  9.00  42.3
158.0  9.00  42.3
159.0  10.00  42.3
160.0  10.00  42.4
161.0  9.00  42.4
162.0  9.00  42.4
163.0  11.00  42.4
164.0  8.00  42.4
165.0  11.00  42.4
166.0  8.00  42.4
167.0  9.00  42.4
168.0  9.00  42.5
169.0  22.00  42.6
170.0  8.00  42.6
171.0  11.00  42.6
172.0  8.00  42.6
173.0  10.00  42.6
174.0  9.00  42.6
175.0  9.00  42.6
176.0  11.00  42.6
177.0  9.00  42.6
178.0  10.00  42.6
179.0  9.00  42.6
180.0  9.00  42.6
181.0  9.00  42.6
182.0  10.00  42.6
183.0  9.00  42.6
184.0  11.00  42.6
185.0  8.00  42.6
186.0  11.00  42.6
187.0  8.00  42.6
188.0  9.00  42.6
189.0  9.00  42.6
190.0  21.00  42.8
191.0  8.00  42.8
192.1  22.00  42.9
193.1  9.00  42.9
194.1  10.00  42.9
195.1  9.00  42.9
196.1  9.00  42.9
197.1  8.00  42.9
198.1  11.00  42.9
199.1  8.00  42.9
200.1  12.00  42.9
201.1  8.00  42.9
202.1  10.00  42.9
203.1  9.00  42.9
204.1  9.00  42.9
205.1  9.00  42.9
206.1  10.00  42.9
207.1  9.00  42.9
208.1  23.00  43.1
209.1  8.00  43.1
210.1  11.00  43.1
211.1  8.00  43.1
212.1  11.00  43.1
213.1  8.00  43.1
214.1  10.00  43.1
215.1  10.00  43.1
216.1  8.00  43.1
217.1  11.00  43.1
218.1  9.00  43.1
219.1  10.00  43.1
220.1  9.00  43.1
221.1  8.00  43.1
222.1  11.00  43.1
223.1  9.00  43.1
224.1  10.00  43.1
225.1  9.00  43.1
226.1  9.00  43.1
227.1  10.00  43.1
228.1  8.00  43.1
229.1  11.00  43.1
230.1  9.00  43.1
231.1  10.00  43.1
232.1  9.00  43.1
233.1  10.00  43.1
234.1  9.00  43.1
235.1  9.00  43.1
236.1  11.00  43.1
237.1  8.00  43.1
238.1  10.00  43.1
239.1  9.00  43.1
240.1  10.00  43.2
241.1  10.00  43.2
242.1  10.00  43.2
243.1  8.00  43.2
244.1  10.00  43.2
245.1  9.00  43.3
246.1  9.00  43.3
247.1  10.00  43.3
248.1  9.00  43.3
249.1  11.00  43.3
250.1  8.00  43.3
251.1  11.00  43.3
252.1  9.00  43.3
253.1  8.00  43.3
254.1  10.00  43.3
255.1  9.00  43.3
256.1  11.00  43.3
257.1  9.00  43.3
258.1  10.00  43.3
259.1  9.00  43.3
260.1  11.00  43.3
261.1  8.00  43.3
262.1  9.00  43.3
263.1  10.00  43.3
264.1  9.00  43.3
265.1  12.00  43.3
266.1  8.00  43.3
267.1  10.00  43.3
268.1  8.00  43.3
269.1  10.00  43.3
270.1  10.00  43.3
271.1  8.00  43.3
272.1  11.00  43.3
273.1  9.00  43.3
274.1  21.00  43.9
275.1  10.00  43.9
276.1  11.00  43.9
277.1  8.00  43.9
278.1  11.00  43.9
279.1  8.00  43.9
280.1  9.00  43.9
281.1  10.00  43.9
282.1  9.00  43.9
283.1  11.00  43.9
284.1  8.00  44.0
285.1  11.00  44.0
286.1  10.00  44.0
287.1  10.00  44.0
288.1  9.00  44.0
289.1  8.00  44.0
290.1  12.00  44.0
291.1  8.00  44.0
292.1  10.00  44.0
293.1  8.00  44.0
294.1  10.00  44.0
295.1  10.00  44.0
296.1  11.00  44.0
297.1  8.00  44.0
298.1  10.00  44.0
299.1  9.00  44.0
300.1  9.00  44.0
301.1  22.00  44.3
302.1  9.00  44.3
303.1  10.00  44.3
304.1  9.00  44.3
305.1  10.00  44.3
306.1  10.00  44.3
307.1  9.00  44.3
308.1  10.00  44.3
309.1  10.00  44.3
310.1  10.00  44.3
311.1  9.00  44.3
312.1  9.00  44.3
313.1  22.00  44.5
314.1  9.00  44.5
315.1  12.00  44.5
316.1  9.00  44.5
317.1  8.00  44.5
318.1  11.00  44.5
319.1  8.00  44.5
320.1  10.00  44.5
321.1  11.00  44.5
322.1  8.00  44.5
323.1  11.00  44.5
324.1  20.00  44.6
325.1  10.00  44.6
326.1  10.00  44.6
327.1  8.00  44.6
328.1  11.00  44.7
329.1  9.00  44.7
330.1  11.00  44.7
331.1  9.00  44.7
332.1  8.00  44.7
333.1  9.00  44.7
334.1  11.00  44.7
335.1  9.00  44.7
336.1  11.00  44.7
337.1  9.00  44.7
338.1  9.00  44.7
339.1  9.00  44.7
340.1  10.00  44.7
341.1  9.00  44.7
342.1  11.00  44.7
343.1  8.00  44.7
344.1  11.00  44.7
345.1  9.00  44.7
346.1  22.00  44.8
347.1  9.00  44.8
348.1  9.00  44.8
349.1  9.00  44.8
350.1  11.00  44.8
351.1  9.00  44.8
352.1  10.00  44.8
353.1  9.00  44.8
354.1  8.00  44.8
355.1  12.00  44.8
356.1  9.00  44.8
357.1  9.00  44.8
358.1  20.00  45.0
359.1  8.00  45.0
360.1  24.00  45.0
361.1  9.00  45.0
362.1  9.00  45.0
363.1  10.00  45.0
364.1  9.00  45.0
365.1  11.00  45.0
366.1  9.00  45.0
367.1  22.00  45.1
368.1  8.00  45.1
369.1  10.00  45.1
370.1  11.00  45.1
371.1  8.00  45.1
372.1  10.00  45.2
373.1  9.00  45.2
374.1  11.00  45.2
375.1  9.00  45.2
376.1  10.00  45.2
377.1  9.00  45.2
378.1  9.00  45.2
379.1  10.00  45.2
380.1  10.00  45.2
381.1  10.00  45.2
382.1  9.00  45.2
383.1  8.00  45.2
384.1  23.00  45.2
385.1  10.00  45.2
386.1  10.00  45.2
387.1  8.00  45.2
388.1  11.00  45.2
389.1  9.00  45.3
390.1  11.00  45.3
391.1  9.00  45.3
392.1  8.00  45.3
393.1  10.00  45.3
394.1  9.00  45.3
395.1  11.00  45.3
396.1  9.00  45.3
397.1  10.00  45.3
398.1  8.00  45.3
399.1  11.00  45.3
400.1  9.00  45.3
401.1  9.00  45.3
402.1  11.00  45.3
403.1  9.00  45.3
404.1  9.00  45.3
405.1  11.00  45.3
406.1  9.00  45.3
407.1  9.00  45.3
408.1  11.00  45.3
409.1  8.00  45.3
410.1  10.00  45.3
411.1  11.00  45.3
412.1  8.00  45.3
413.1  10.00  45.3
414.1  9.00  45.3
415.1  11.00  45.3
416.1  10.00  45.3
417.1  10.00  45.3
418.1  8.00  45.3
419.1  9.00  45.3
420.1  12.00  45.3
421.1  7.00  45.3
422.1  11.00  45.3
423.1  9.00  45.3
424.1  11.00  45.3
425.1  10.00  45.3
426.1  21.00  45.7
427.1  9.00  45.7
428.1  9.00  45.7
429.1  10.00  45.7
430.1  10.00  45.7
431.1  10.00  45.7
432.1  9.00  45.7
433.1  10.00  45.7
434.1  9.00  45.7
435.1  11.00  45.7
436.1  9.00  45.7
437.1  10.00  45.7
438.1  8.00  45.7
439.1  10.00  45.7
440.1  11.00  45.7
441.1  8.00  45.7
442.1  10.00  45.7
443.1  9.00  45.7
444.1  22.00  46.0
445.1  10.00  46.0
446.1  10.00  46.0
447.1  9.00  46.0
448.1  9.00  46.0
449.1  11.00  46.0
450.1  9.00  46.0
451.1  23.00  46.2
452.1  9.00  46.2
453.1  8.00  46.2
454.1  11.00  46.2
455.1  10.00  46.2
456.1  10.00  46.2
457.1  9.00  46.2
458.1  10.00  46.2
459.1  9.00  46.2
460.1  10.00  45.4
461.1  10.00  45.4
462.1  9.00  45.4
463.1  10.00  45.4
464.1  9.00  45.4
465.1  24.00  45.4
466.1  9.00  45.4
467.1  10.00  45.4
468.1  9.00  45.4
469.1  9.00  45.4
470.1  11.00  45.4
471.1  9.00  45.4
472.1  9.00  45.5
473.1  8.00  45.5
474.1  2.00  0.0

[SUMMARY]
n_samples:    474
cpu_mean_pct: 9.92
cpu_max_pct:  24.00
cpu_min_pct:  2.00
ram_mean_mb:  41.7
ram_max_mb:   46.2
ram_min_mb:   0.0
